100 50
4422592 4887401 5349919 7022761 7217776 9341603 12910831 15337724 16352873 17572358 21553585 21950159 22118549 27220427 29534971 32850118 35860543 37527505 38788604 44933041 46717001 51564801 55196236 64070259 65647711 69739307 70177420 76791361 87658731 89645525 95780588 100007137 102221302 103325763 104745653 109560529 110849079 116619973 131930041 140481377 143165815 143246071 146534826 146624481 147139097 149605074 151251339 152970337 154973729 161744685 168223161 173434697 185885071 186657688 189545675 190631520 191024891 193663093 196157615 198640476 209400666 211411873 223427601 232503254 239542466 244003326 262891630 271280245 274572081 292490537 300339217 317224514 354932683 362559863 370349221 372755967 378393418 398605906 404913618 414683803 416375565 420297651 421698809 428678722 436290535 442133371 485683225 500849054 540507512 570726484 574795406 584447521 593793236 620380031 639407371 698866299 748983181 764264551 891301981 950290166 
23 52 3
28 100 3
30 42 4
18 100 7
19 85 60
22 31 8
24 89 20
3 24 4
26 36 4
11 20 6
11 86 63
12 28 8
30 39 8
18 81 30
45 49 5
24 26 2
13 20 7
23 45 6
17 68 34
12 27 9
17 27 6
15 21 5
17 27 11
44 81 32
23 34 6
30 33 2
2 34 30
38 39 2
9 44 21
29 96 30
34 83 28
10 42 23
30 99 26
27 88 13
11 96 2
24 83 44
2 28 18
31 42 2
13 49 8
24 100 47
42 86 19
3 100 98
20 31 4
21 40 14
41 53 12
47 47 1
2 82 25
35 89 40
24 99 72
3 29 21
