148274218
984602785
38034847
984602785
984602785
984602785
984602785
221454395
171294160
984602785
984602785
984602785
984602785
984602785
984602785
984602785
984602785
984602785
984602785
984602785
984602785
984602785
984602785
984602785
984602785
984602785
984602785
266521571
279989281
239435449
984602785
984602785
984602785
28812501
984602785
984602785
984602785
19023462
984602785
984602785
165786391
984602785
984602785
984602785
984602785
984602785
984602785
228318041
86364499
984602785
984602785
984602785
464631166
368564014
207140977
984602785
984602785
984602785
383773321
352597741
339687241
984602785
13999606
984602785
984602785
435953281
984602785
984602785
984602785
984602785
26816212
984602785
984602785
984602785
374980561
14821198
984602785
984602785
984602785
984602785
984602785
984602785
383988964
729862389
415173993
984602785
984602785
984602785
984602785
984602785
984602785
984602785
984602785
984602785
984602785
984602785
984602785
984602785
793128305
20761386
158933972
984602785
984602785
984602785
197666430
984602785
984602785
984602785
329174497
984602785
187454348
984602785
984602785
352597741
984602785
984602785
984602785
984602785
984602785
553261906
984602785
477446887
984602785
73965607
984602785
984602785
114845701
984602785
984602785
145593829
44530606
984602785
29109441
984602785
984602785
984602785
439723717
984602785
984602785
984602785
984602785
984602785
984602785
984602785
331338721
984602785
984602785
984602785
270718468
163620063
984602785
984602785
984602785
984602785
984602785
984602785
984602785
984602785
984602785
984602785
984602785
984602785
984602785
124600386
984602785
41467737
984602785
984602785
984602785
984602785
984602785
984602785
429655524
984602785
984602785
984602785
984602785
984602785
984602785
984602785
984602785
984602785
225285047
984602785
984602785
984602785
984602785
984602785
984602785
984602785
227044523
984602785
984602785
984602785
984602785
984602785
984602785
984602785
28014013
984602785
984602785
984602785
984602785
984602785
984602785
984602785
448368238
984602785
984602785
561035701
984602785
704762236
984602785
984602785
984602785
984602785
984602785
383773321
984602785
469304521
984602785
984602785
984602785
77245312
47913983
984602785
984602785
984602785
984602785
660244705
984602785
984602785
984602785
984602785
984602785
984602785
984602785
984602785
984602785
984602785
15993721
251985284
984602785
984602785
984602785
984602785
984602785
984602785
89107188
176161503
984602785
37592585
197666430
984602785
128965921
984602785
984602785
734148955
984602785
984602785
984602785
984602785
984602785
984602785
984602785
984602785
374359445
984602785
984602785
984602785
984602785
984602785
984602785
984602785
984602785
984602785
984602785
984602785
984602785
60187441
984602785
984602785
984602785
984602785
984602785
984602785
984602785
42090586
984602785
247329347
984602785
191864128
130248119
984602785
984602785
984602785
97655113
984602785
984602785
984602785
402952381
984602785
157886751
984602785
984602785
381116429
984602785
984602785
984602785
984602785
984602785
984602785
984602785
984602785
984602785
731039882
984602785
984602785
114940563
984602785
984602785
984602785
984602785
984602785
984602785
984602785
984602785
984602785
984602785
984602785
984602785
984602785
305802901
984602785
984602785
984602785
984602785
984602785
49712169
984602785
984602785
984602785
984602785
170336356
984602785
984602785
984602785
984602785
984602785
250347356
984602785
984602785
984602785
984602785
984602785
984602785
984602785
984602785
984602785
984602785
984602785
984602785
984602785
984602785
85833481
984602785
984602785
984602785
281057501
984602785
984602785
984602785
984602785
984602785
984602785
984602785
984602785
984602785
229013441
47913983
984602785
984602785
984602785
984602785
984602785
984602785
984602785
808087105
241737803
984602785
984602785
464631166
984602785
409400791
379206689
984602785
984602785
984602785
984602785
984602785
984602785
984602785
99717697
984602785
984602785
984602785
336587015
65276652
984602785
984602785
984602785
193851687
984602785
984602785
185717741
984602785
175837041
984602785
75170482
984602785
984602785
984602785
117144560
984602785
984602785
984602785
984602785
984602785
984602785
984602785
984602785
984602785
984602785
984602785
984602785
54795937
984602785
984602785
984602785
984602785
210450969
984602785
984602785
984602785
984602785
984602785
984602785
984602785
169464646
984602785
984602785
984602785
984602785
984602785
476831370
984602785
120171085
47517147
351615787
984602785
193460437
984602785
984602785
135714961
396377224
984602785
984602785
984602785
984602785
193233426
984602785
984602785
984602785
984602785
984602785
984602785
984602785
984602785
984602785
984602785
333338167
153536191
50235395
984602785
984602785
45463009
984602785
984602785
984602785
984602785
984602785
984602785
984602785
984602785
984602785
984602785
984602785
984602785
984602785
984602785
984602785
984602785
984602785
246603345
984602785
273676541
984602785
984602785
984602785
984602785
112646413
470242301
984602785
99669232
255661473
984602785
984602785
415173993
984602785
984602785
138548161
984602785
984602785
984602785
479035921
984602785
155496320
77245312
984602785
84335626
984602785
984602785
984602785
984602785
984602785
984602785
984602785
984602785
984602785
984602785
984602785
984602785
984602785
984602785
984602785
179191851
984602785
197666430
984602785
984602785
217691869
984602785
109847153
984602785
984602785
397666789
984602785
984602785
984602785
623415473
984602785
984602785
984602785
157304761
744361938
984602785
984602785
984602785
520563022
210647801
984602785
984602785
984602785
984602785
984602785
984602785
984602785
984602785
984602785
984602785
984602785
984602785
984602785
984602785
984602785
65918854
984602785
984602785
984602785
308400631
984602785
984602785
984602785
984602785
984602785
46154935
984602785
984602785
984602785
984602785
984602785
666003817
984602785
984602785
984602785
984602785
984602785
984602785
984602785
984602785
153047989
984602785
207528001
45463009
984602785
984602785
984602785
143047605
984602785
984602785
984602785
984602785
984602785
351866241
984602785
229013441
138548161
984602785
984602785
68736662
984602785
984602785
984602785
984602785
984602785
984602785
230100781
984602785
984602785
279989281
984602785
984602785
984602785
984602785
462921852
426211997
984602785
984602785
984602785
984602785
984602785
984602785
984602785
984602785
984602785
984602785
984602785
47056301
984602785
984602785
230100781
120171085
984602785
984602785
984602785
984602785
984602785
984602785
417820222
169464646
984602785
984602785
984602785
984602785
984602785
984602785
984602785
984602785
307209092
984602785
984602785
196856353
241737803
984602785
984602785
984602785
565200052
984602785
65918854
984602785
10284409
984602785
984602785
984602785
984602785
984602785
984602785
984602785
417820222
984602785
984602785
984602785
984602785
984602785
984602785
11717461
984602785
984602785
984602785
984602785
181830091
585304681
984602785
984602785
984602785
984602785
984602785
984602785
984602785
984602785
403611880
984602785
466823787
984602785
984602785
984602785
115681755
984602785
984602785
984602785
984602785
984602785
984602785
26390125
984602785
984602785
984602785
984602785
984602785
984602785
984602785
984602785
319702573
984602785
434623673
984602785
984602785
984602785
984602785
984602785
75170482
4784947
984602785
984602785
984602785
984602785
984602785
984602785
372736081
984602785
91739461
984602785
984602785
984602785
984602785
984602785
984602785
984602785
984602785
984602785
984602785
984602785
984602785
246603345
984602785
984602785
984602785
61929953
984602785
984602785
984602785
984602785
984602785
135714961
434871253
176161503
207528001
984602785
155983049
984602785
984602785
984602785
984602785
984602785
984602785
984602785
984602785
179242585
984602785
984602785
197293231
984602785
984602785
984602785
984602785
984602785
48049781
984602785
264077057
984602785
54910593
984602785
984602785
984602785
984602785
984602785
99859867
984602785
984602785
984602785
984602785
984602785
984602785
984602785
984602785
131352841
984602785
984602785
984602785
14066157
984602785
984602785
984602785
984602785
984602785
984602785
984602785
445599421
984602785
984602785
984602785
984602785
984602785
984602785
984602785
402952381
984602785
984602785
230100781
984602785
437541116
360713602
984602785
239435449
984602785
984602785
984602785
984602785
984602785
58588233
984602785
984602785
535276743
984602785
984602785
984602785
212045948
984602785
984602785
984602785
984602785
984602785
984602785
984602785
984602785
355151595
984602785
984602785
221846731
984602785
984602785
984602785
984602785
71264656
984602785
984602785
984602785
984602785
984602785
984602785
984602785
100539245
984602785
43420204
984602785
984602785
56567172
984602785
175023025
984602785
984602785
984602785
239435449
984602785
984602785
984602785
984602785
984602785
984602785
25767985
984602785
984602785
984602785
984602785
984602785
984602785
984602785
984602785
984602785
984602785
984602785
984602785
77738731
984602785
984602785
984602785
984602785
426211997
984602785
984602785
984602785
984602785
984602785
508112191
98410026
984602785
984602785
984602785
984602785
984602785
180496405
189537625
984602785
984602785
253822394
984602785
984602785
442026787
984602785
984602785
984602785
984602785
984602785
984602785
379206689
984602785
984602785
101163153
984602785
984602785
984602785
734148955
984602785
984602785
984602785
105915441
449979641
984602785
984602785
984602785
984602785
984602785
984602785
984602785
984602785
72558693
984602785
984602785
984602785
984602785
984602785
984602785
984602785
984602785
984602785
90080049
984602785
552816064
984602785
7541617
41309548
155983049
984602785
984602785
476980901
984602785
984602785
984602785
492833761
984602785
984602785
984602785
984602785
187874262
984602785
984602785
984602785
984602785
984602785
14344734
984602785
984602785
984602785
984602785
984602785
984602785
984602785
984602785
984602785
984602785
984602785
409400791
984602785
984602785
984602785
984602785
984602785
984602785
187874262
984602785
984602785
984602785
67759774
984602785
984602785
984602785
984602785
984602785
984602785
984602785
984602785
984602785
464631166
984602785
22849441
360713602
984602785
984602785
984602785
984602785
984602785
336587015
984602785
208018917
984602785
984602785
426920443
984602785
179191851
984602785
465474967
984602785
984602785
984602785
984602785
984602785
984602785
984602785
984602785
984602785
984602785
984602785
984602785
984602785
984602785
141861906
354155401
984602785
984602785
984602785
47517147
984602785
984602785
984602785
437440381
984602785
984602785
259475590
984602785
984602785
984602785
984602785
984602785
227044523
984602785
984602785
984602785
112645113
984602785
984602785
984602785
984602785
63066501
984602785
156285121
984602785
984602785
984602785
984602785
984602785
504947201
984602785
984602785
984602785
984602785
984602785
984602785
984602785
984602785
56567172
984602785
984602785
984602785
223918426
52676268
58793218
984602785
984602785
984602785
984602785
984602785
984602785
984602785
984602785
984602785
984602785
984602785
984602785
984602785
984602785
240118290
984602785
984602785
780080005
984602785
984602785
984602785
984602785
308400631
984602785
984602785
106007041
278506564
476980901
984602785
984602785
984602785
7096801
278506564
399073762
984602785
175837041
362959661
117747482
99434273
984602785
984602785
984602785
984602785
19139621
984602785
984602785
984602785
984602785
71264656
984602785
984602785
984602785
984602785
984602785
984602785
984602785
984602785
984602785
984602785
984602785
80259705
984602785
984602785
984602785
984602785
984602785
984602785
984602785
984602785
984602785
984602785
984602785
984602785
984602785
984602785
152825401
984602785
984602785
984602785
70519011
984602785
984602785
984602785
984602785
984602785
984602785
984602785
984602785
984602785
984602785
135714961
984602785
106886302
984602785
302615953
984602785
984602785
984602785
984602785
984602785
26302873
984602785
984602785
984602785
984602785
47056301
984602785
984602785
504947201
240031228
984602785
984602785
984602785
984602785
984602785
984602785
984602785
78444546
984602785
984602785
984602785
984602785
511510051
984602785
984602785
462488477
984602785
984602785
984602785
50235395
984602785
984602785
984602785
521951989
984602785
984602785
984602785
984602785
984602785
984602785
984602785
984602785
339920311
984602785
227661568
984602785
984602785
984602785
984602785
984602785
984602785
984602785
984602785
155496320
984602785
26641099
984602785
984602785
510061018
984602785
984602785
984602785
984602785
984602785
182549903
984602785
984602785
984602785
984602785
984602785
126049447
324487360
984602785
984602785
984602785
984602785
69444181
984602785
984602785
507397633
984602785
984602785
984602785
372835141
240031228
984602785
984602785
984602785
984602785
984602785
984602785
984602785
984602785
984602785
193233426
984602785
984602785
47000926
55017373
984602785
984602785
984602785
82332745
984602785
114940563
984602785
984602785
984602785
160589284
984602785
984602785
984602785
984602785
984602785
204857624
984602785
984602785
984602785
984602785
984602785
984602785
592450171
176601330
984602785
365310277
984602785
984602785
984602785
984602785
984602785
984602785
44530606
984602785
984602785
984602785
984602785
122848001
984602785
984602785
984602785
105500305
984602785
984602785
984602785
984602785
984602785
984602785
338206177
984602785
462488477
984602785
984602785
984602785
984602785
23051821
984602785
984602785
984602785
149776849
984602785
984602785
984602785
984602785
984602785
984602785
984602785
984602785
126529755
984602785
984602785
984602785
44725120
984602785
984602785
984602785
984602785
984602785
984602785
984602785
984602785
195399226
984602785
984602785
984602785
984602785
984602785
984602785
126049447
984602785
984602785
984602785
984602785
984602785
984602785
312248821
984602785
984602785
984602785
192642913
18433901
984602785
148932433
984602785
984602785
984602785
984602785
984602785
984602785
26788433
984602785
984602785
585304681
984602785
984602785
984602785
984602785
984602785
516921751
984602785
984602785
984602785
984602785
984602785
984602785
427877997
180230905
984602785
984602785
465474967
984602785
984602785
984602785
984602785
984602785
984602785
984602785
984602785
984602785
984602785
984602785
984602785
984602785
984602785
984602785
984602785
10566993
984602785
984602785
984602785
984602785
984602785
984602785
984602785
984602785
984602785
984602785
984602785
231435001
984602785
984602785
59553378
14821198
984602785
984602785
984602785
142187451
984602785
179996265
984602785
984602785
984602785
984602785
984602785
984602785
984602785
396309538
984602785
984602785
984602785
984602785
984602785
984602785
984602785
984602785
984602785
94164761
984602785
984602785
984602785
984602785
984602785
984602785
984602785
984602785
984602785
984602785
984602785
984602785
984602785
984602785
984602785
984602785
984602785
984602785
984602785
984602785
984602785
984602785
984602785
984602785
984602785
206023001
984602785
984602785
552816064
984602785
984602785
438602526
984602785
984602785
984602785
984602785
984602785
984602785
370679743
984602785
984602785
451717751
984602785
984602785
984602785
984602785
52231007
984602785
984602785
984602785
984602785
984602785
984602785
984602785
370679743
984602785
170336356
984602785
984602785
496263495
984602785
984602785
984602785
984602785
984602785
984602785
984602785
984602785
984602785
984602785
176161503
984602785
984602785
984602785
984602785
984602785
70971662
984602785
984602785
984602785
984602785
984602785
984602785
984602785
984602785
984602785
984602785
984602785
984602785
175837041
984602785
403731907
984602785
984602785
61929953
984602785
263344621
984602785
984602785
984602785
984602785
984602785
984602785
278506564
984602785
984602785
984602785
984602785
132675944
984602785
984602785
984602785
426113061
984602785
984602785
984602785
984602785
984602785
984602785
984602785
984602785
984602785
984602785
462997627
984602785
984602785
984602785
984602785
984602785
399073762
78444546
984602785
984602785
189680817
984602785
984602785
984602785
130248119
984602785
984602785
984602785
984602785
984602785
133988545
984602785
984602785
984602785
984602785
984602785
984602785
984602785
426113061
984602785
984602785
984602785
984602785
984602785
984602785
984602785
984602785
984602785
984602785
984602785
984602785
984602785
984602785
984602785
984602785
984602785
105500305
984602785
984602785
984602785
984602785
984602785
984602785
984602785
984602785
984602785
984602785
984602785
984602785
67759774
984602785
984602785
984602785
984602785
984602785
984602785
984602785
984602785
94569217
115681755
984602785
310217251
984602785
984602785
984602785
984602785
984602785
984602785
984602785
984602785
984602785
984602785
984602785
984602785
984602785
984602785
984602785
984602785
984602785
984602785
262729941
215804590
984602785
255853681
984602785
984602785
984602785
984602785
984602785
984602785
984602785
984602785
984602785
984602785
984602785
393922915
112645113
984602785
984602785
984602785
984602785
984602785
984602785
984602785
99669232
984602785
257331643
984602785
984602785
984602785
984602785
984602785
984602785
250347356
984602785
984602785
984602785
984602785
984602785
984602785
213149819
70519011
984602785
984602785
984602785
984602785
984602785
984602785
42471508
984602785
157101622
984602785
223918426
47214551
984602785
984602785
347177251
336587015
984602785
984602785
984602785
984602785
104537953
94293523
381116429
984602785
984602785
984602785
984602785
984602785
984602785
984602785
212045948
984602785
984602785
984602785
984602785
984602785
984602785
180230905
984602785
984602785
80259705
984602785
984602785
984602785
984602785
984602785
984602785
984602785
984602785
984602785
157304761
984602785
984602785
984602785
426211997
984602785
984602785
426211997
984602785
984602785
984602785
406286497
984602785
984602785
984602785
159380965
281835926
984602785
984602785
545336020
984602785
984602785
196856353
984602785
984602785
984602785
984602785
361744501
984602785
984602785
187691800
984602785
984602785
984602785
984602785
984602785
66438561
984602785
83709835
984602785
984602785
984602785
984602785
984602785
984602785
356569774
984602785
984602785
984602785
984602785
984602785
984602785
984602785
984602785
984602785
984602785
984602785
984602785
984602785
984602785
984602785
984602785
984602785
383773321
984602785
984602785
984602785
371815909
984602785
984602785
984602785
984602785
984602785
984602785
94527213
70519011
984602785
984602785
984602785
984602785
984602785
984602785
746962735
984602785
984602785
984602785
984602785
984602785
984602785
984602785
157304761
984602785
984602785
984602785
984602785
984602785
984602785
984602785
984602785
984602785
984602785
984602785
95225828
984602785
984602785
984602785
984602785
984602785
984602785
389036104
984602785
984602785
74935085
443952937
984602785
984602785
984602785
984602785
230100781
984602785
984602785
984602785
984602785
984602785
984602785
984602785
984602785
984602785
984602785
984602785
403731907
984602785
83815693
476831370
984602785
984602785
984602785
984602785
156050649
984602785
205212063
984602785
984602785
984602785
201158519
984602785
984602785
389116673
984602785
984602785
984602785
98406561
100539245
984602785
984602785
984602785
984602785
984602785
984602785
984602785
343043749
267886625
984602785
984602785
984602785
984602785
984602785
984602785
984602785
984602785
99434273
984602785
469304521
984602785
984602785
984602785
984602785
984602785
984602785
984602785
984602785
83847760
108292479
984602785
984602785
984602785
112884487
984602785
984602785
984602785
984602785
984602785
984602785
984602785
984602785
984602785
984602785
984602785
284972761
11717461
984602785
984602785
984602785
984602785
379206689
984602785
984602785
984602785
984602785
984602785
984602785
81442522
984602785
984602785
984602785
984602785
168427634
984602785
984602785
984602785
984602785
984602785
984602785
438527265
984602785
984602785
984602785
141636554
984602785
984602785
984602785
984602785
984602785
984602785
34168879
984602785
52231007
984602785
144657558
984602785
984602785
984602785
984602785
984602785
984602785
984602785
984602785
984602785
984602785
374770420
984602785
78017365
984602785
984602785
381116429
984602785
125975669
984602785
984602785
984602785
984602785
984602785
984602785
558089596
984602785
984602785
984602785
984602785
672748427
984602785
984602785
984602785
984602785
984602785
984602785
55982081
984602785
984602785
984602785
984602785
984602785
984602785
984602785
984602785
141317627
984602785
984602785
984602785
984602785
181834225
984602785
984602785
984602785
984602785
984602785
984602785
984602785
984602785
984602785
178307361
188955857
15983731
984602785
27664638
984602785
984602785
984602785
984602785
984602785
984602785
984602785
734148955
984602785
984602785
34527472
984602785
639235477
984602785
984602785
984602785
169464646
984602785
984602785
254327626
984602785
984602785
984602785
984602785
984602785
984602785
352597741
984602785
984602785
984602785
984602785
984602785
984602785
984602785
984602785
225932674
984602785
984602785
984602785
141636554
984602785
984602785
984602785
984602785
984602785
984602785
582675009
984602785
984602785
394359381
240118290
984602785
984602785
984602785
984602785
984602785
984602785
984602785
984602785
984602785
984602785
587106001
984602785
984602785
984602785
984602785
984602785
984602785
984602785
13412131
984602785
984602785
984602785
984602785
984602785
984602785
984602785
984602785
984602785
984602785
984602785
984602785
984602785
984602785
62513284
984602785
984602785
984602785
984602785
365310277
984602785
984602785
984602785
984602785
984602785
984602785
99859867
984602785
230100781
984602785
984602785
984602785
984602785
984602785
984602785
984602785
984602785
639235477
984602785
984602785
984602785
154761820
31944589
53236539
984602785
984602785
984602785
984602785
984602785
337040125
403731907
123089586
984602785
55982081
984602785
37592585
984602785
984602785
984602785
984602785
984602785
984602785
984602785
180564090
984602785
984602785
984602785
984602785
984602785
984602785
984602785
984602785
984602785
984602785
984602785
19896669
984602785
984602785
984602785
984602785
984602785
169464646
984602785
984602785
984602785
984602785
984602785
984602785
984602785
984602785
984602785
98406561
984602785
90907636
343043749
984602785
984602785
206023001
984602785
984602785
984602785
984602785
193233426
984602785
984602785
984602785
565062391
984602785
984602785
984602785
984602785
984602785
984602785
984602785
984602785
984602785
984602785
984602785
984602785
984602785
984602785
984602785
339920311
984602785
984602785
984602785
984602785
130440968
984602785
984602785
984602785
169707201
984602785
215804590
453307377
984602785
984602785
126961858
984602785
984602785
118069953
984602785
984602785
355620251
984602785
984602785
130440968
984602785
984602785
984602785
984602785
984602785
984602785
984602785
984602785
984602785
984602785
984602785
984602785
984602785
984602785
984602785
984602785
984602785
514869317
984602785
258544513
329236645
984602785
984602785
76430637
984602785
984602785
984602785
984602785
984602785
984602785
984602785
984602785
83672851
984602785
984602785
40792249
984602785
984602785
984602785
984602785
984602785
984602785
984602785
984602785
984602785
984602785
149776849
984602785
984602785
15013649
984602785
984602785
984602785
984602785
984602785
154761829
984602785
984602785
984602785
984602785
984602785
189537625
984602785
984602785
200947078
984602785
984602785
984602785
984602785
439723717
984602785
984602785
984602785
984602785
984602785
107560531
984602785
984602785
984602785
984602785
984602785
984602785
704214223
984602785
984602785
217876033
259475590
984602785
984602785
984602785
984602785
984602785
123843721
415173993
984602785
984602785
984602785
984602785
355151595
679177711
984602785
984602785
984602785
984602785
984602785
44725120
984602785
984602785
504602321
984602785
561035701
984602785
984602785
984602785
281293441
984602785
984602785
984602785
984602785
984602785
984602785
984602785
984602785
984602785
277994003
984602785
379206689
187874262
984602785
226888797
984602785
984602785
168052051
984602785
413666433
984602785
15983731
984602785
984602785
984602785
984602785
984602785
984602785
984602785
984602785
984602785
159380965
984602785
984602785
379206689
277994003
984602785
984602785
984602785
984602785
984602785
984602785
227044523
984602785
984602785
984602785
984602785
984602785
984602785
984602785
984602785
984602785
984602785
984602785
984602785
984602785
984602785
62335856
984602785
531570817
984602785
984602785
984602785
125975669
34385521
984602785
984602785
984602785
984602785
984602785
984602785
984602785
984602785
984602785
984602785
984602785
644191953
984602785
984602785
984602785
179996265
984602785
984602785
984602785
984602785
273676541
984602785
984602785
984602785
984602785
984602785
984602785
984602785
94527213
97655113
175023025
984602785
44638141
984602785
984602785
984602785
984602785
130364976
984602785
984602785
984602785
91739461
984602785
984602785
984602785
984602785
258544513
984602785
984602785
93407101
984602785
126942343
984602785
152819553
658250005
984602785
984602785
984602785
984602785
984602785
984602785
984602785
984602785
984602785
984602785
984602785
984602785
98406561
99717697
984602785
984602785
984602785
984602785
984602785
984602785
20161537
984602785
984602785
984602785
984602785
984602785
984602785
984602785
984602785
984602785
984602785
984602785
984602785
984602785
984602785
984602785
984602785
157101622
984602785
90080049
984602785
984602785
426920443
984602785
984602785
984602785
984602785
984602785
984602785
984602785
984602785
176601330
786401739
984602785
984602785
984602785
984602785
984602785
984602785
351866241
984602785
984602785
984602785
984602785
984602785
984602785
984602785
984602785
374359445
984602785
984602785
984602785
984602785
984602785
984602785
984602785
984602785
984602785
153406856
142187451
11865481
316930936
984602785
984602785
984602785
984602785
984602785
984602785
984602785
984602785
984602785
451717751
984602785
85145185
984602785
984602785
984602785
984602785
605941237
638074327
984602785
984602785
261378157
2725361
984602785
984602785
984602785
48049781
984602785
123089586
984602785
579941701
984602785
984602785
984602785
360120487
984602785
984602785
984602785
111290026
984602785
984602785
984602785
290701049
90753706
55481599
741840751
984602785
213149819
984602785
984602785
984602785
164362927
105593577
78444546
83815693
984602785
984602785
255661473
984602785
984602785
984602785
984602785
984602785
5096736
65276652
984602785
984602785
984602785
984602785
319702573
984602785
984602785
984602785
984602785
984602785
984602785
984602785
984602785
984602785
984602785
290701049
267886625
984602785
984602785
984602785
984602785
587393501
984602785
984602785
984602785
984602785
984602785
142744069
984602785
984602785
984602785
984602785
984602785
984602785
984602785
66438561
84623655
984602785
984602785
984602785
984602785
984602785
984602785
984602785
984602785
984602785
984602785
984602785
984602785
156616225
984602785
984602785
347177251
984602785
984602785
984602785
984602785
984602785
984602785
984602785
984602785
439723717
984602785
191864128
984602785
984602785
984602785
984602785
984602785
984602785
984602785
984602785
984602785
984602785
984602785
984602785
984602785
984602785
984602785
984602785
984602785
984602785
984602785
984602785
984602785
628239578
984602785
984602785
105524859
524469296
556798369
984602785
984602785
565062391
984602785
984602785
984602785
984602785
984602785
984602785
984602785
984602785
212045948
984602785
984602785
984602785
984602785
984602785
984602785
984602785
984602785
984602785
984602785
984602785
984602785
728344321
984602785
984602785
984602785
984602785
360120487
984602785
984602785
984602785
372835141
37873935
90755801
984602785
984602785
984602785
984602785
126942343
984602785
18433901
374980561
984602785
984602785
409400791
984602785
217691869
984602785
984602785
984602785
984602785
984602785
984602785
984602785
984602785
984602785
302615953
984602785
984602785
984602785
984602785
984602785
984602785
984602785
293400911
984602785
984602785
81755517
984602785
984602785
281835926
984602785
66284821
984602785
146281893
984602785
984602785
984602785
352597741
984602785
984602785
984602785
984602785
984602785
984602785
984602785
984602785
984602785
984602785
59595673
984602785
984602785
237382569
984602785
984602785
984602785
208018917
984602785
984602785
679177711
984602785
984602785
984602785
984602785
984602785
984602785
984602785
984602785
984602785
984602785
984602785
118966273
984602785
984602785
984602785
984602785
984602785
123607036
984602785
984602785
90907636
984602785
984602785
984602785
191864128
42264665
984602785
984602785
521528869
984602785
984602785
984602785
442026787
984602785
417932763
984602785
984602785
984602785
984602785
984602785
984602785
984602785
305869795
135714961
984602785
984602785
984602785
984602785
984602785
984602785
984602785
984602785
733188151
984602785
984602785
984602785
984602785
984602785
984602785
984602785
984602785
984602785
379505021
984602785
984602785
984602785
984602785
984602785
984602785
164362927
984602785
207528001
984602785
984602785
647935861
135714961
984602785
55017373
984602785
984602785
984602785
984602785
984602785
984602785
984602785
984602785
567077741
205212063
984602785
984602785
984602785
984602785
84335626
321426289
984602785
984602785
984602785
984602785
984602785
984602785
984602785
662842753
984602785
984602785
106007041
984602785
984602785
984602785
984602785
984602785
326330491
984602785
984602785
984602785
984602785
984602785
78444546
984602785
374980561
984602785
984602785
984602785
272401249
291363914
984602785
984602785
984602785
984602785
984602785
984602785
984602785
984602785
161420953
94293523
984602785
984602785
984602785
984602785
984602785
250671121
984602785
112646413
984602785
984602785
984602785
984602785
984602785
984602785
428013627
984602785
337040125
984602785
984602785
984602785
984602785
984602785
984602785
984602785
984602785
984602785
984602785
87039841
984602785
984602785
984602785
984602785
28002305
462921852
984602785
984602785
984602785
984602785
984602785
984602785
984602785
984602785
237382569
984602785
984602785
984602785
984602785
984602785
984602785
984602785
302105063
984602785
163620063
406286497
984602785
389116673
984602785
984602785
85833481
633587351
984602785
984602785
984602785
984602785
984602785
555940485
179191851
507427721
984602785
984602785
984602785
126049447
984602785
984602785
984602785
49484513
396309538
984602785
984602785
984602785
984602785
409045201
30971591
96809778
984602785
984602785
984602785
201678425
115681755
984602785
62513284
984602785
984602785
984602785
984602785
395627331
37998328
984602785
984602785
984602785
984602785
354150994
984602785
164362927
984602785
350281621
984602785
383988964
984602785
15013649
984602785
372736081
984602785
984602785
984602785
186086741
984602785
100949161
984602785
984602785
984602785
520031969
246853153
984602785
524469296
984602785
984602785
984602785
984602785
144657558
984602785
984602785
984602785
462833841
281057501
984602785
984602785
397666789
984602785
984602785
984602785
984602785
984602785
984602785
984602785
46482331
984602785
984602785
984602785
984602785
984602785
984602785
984602785
189537625
126473956
984602785
116831497
75170482
984602785
259191577
984602785
984602785
984602785
984602785
448368238
984602785
984602785
984602785
425304769
161126545
984602785
984602785
196856353
984602785
984602785
449979641
984602785
984602785
984602785
984602785
388408021
984602785
984602785
984602785
984602785
984602785
984602785
984602785
59595673
44725120
984602785
984602785
984602785
984602785
984602785
984602785
984602785
984602785
55017373
984602785
131652017
984602785
984602785
984602785
55982081
147227557
165786391
984602785
984602785
984602785
984602785
12068376
984602785
219819909
984602785
984602785
984602785
984602785
984602785
984602785
984602785
476831370
984602785
984602785
78609961
59595673
984602785
984602785
156616225
984602785
984602785
984602785
277994003
284972761
984602785
984602785
22849441
984602785
984602785
984602785
984602785
984602785
984602785
984602785
984602785
984602785
984602785
984602785
312248821
147227557
984602785
984602785
984602785
984602785
984602785
984602785
984602785
101163153
984602785
984602785
984602785
984602785
984602785
984602785
984602785
984602785
417932763
984602785
984602785
984602785
984602785
984602785
154761820
984602785
984602785
984602785
984602785
984602785
984602785
984602785
984602785
183864457
141317627
195471297
984602785
984602785
984602785
984602785
984602785
984602785
984602785
984602785
984602785
984602785
984602785
984602785
984602785
984602785
108292479
984602785
164362927
984602785
984602785
984602785
984602785
984602785
984602785
984602785
984602785
984602785
984602785
47913983
984602785
984602785
583299081
984602785
984602785
984602785
984602785
984602785
984602785
984602785
984602785
984602785
984602785
984602785
984602785
984602785
984602785
984602785
984602785
984602785
984602785
130248119
984602785
984602785
984602785
984602785
197666430
984602785
984602785
984602785
479035921
984602785
639235477
156050649
984602785
984602785
984602785
984602785
222760084
36699213
984602785
984602785
984602785
984602785
585304681
984602785
984602785
984602785
984602785
984602785
984602785
984602785
984602785
984602785
984602785
984602785
984602785
82332745
984602785
984602785
984602785
281057501
984602785
291363914
346966251
179809001
984602785
984602785
984602785
521951989
984602785
984602785
426113061
984602785
984602785
984602785
984602785
984602785
984602785
984602785
170336356
984602785
984602785
414871103
984602785
60187441
984602785
984602785
984602785
984602785
984602785
47232329
91739461
984602785
984602785
984602785
236925865
207528001
984602785
984602785
984602785
984602785
984602785
482979881
984602785
984602785
984602785
204857624
984602785
90080049
984602785
984602785
984602785
984602785
984602785
984602785
984602785
984602785
984602785
984602785
984602785
126007201
984602785
984602785
115681755
984602785
984602785
984602785
984602785
984602785
984602785
984602785
90907636
984602785
984602785
984602785
984602785
984602785
208018917
984602785
984602785
984602785
984602785
396309538
984602785
984602785
984602785
984602785
442026787
984602785
984602785
556798369
112645113
984602785
339687241
984602785
984602785
34565972
984602785
984602785
680055373
81442522
984602785
984602785
984602785
119207607
984602785
984602785
984602785
984602785
984602785
984602785
478598905
984602785
333337936
984602785
394359381
545336020
984602785
99717697
984602785
984602785
984602785
984602785
443981731
984602785
984602785
200328685
482674189
984602785
984602785
984602785
223918426
984602785
984602785
984602785
984602785
221454395
984602785
984602785
984602785
984602785
984602785
984602785
984602785
984602785
984602785
984602785
984602785
984602785
227281561
984602785
87039841
984602785
152825401
984602785
984602785
147227557
984602785
984602785
984602785
984602785
984602785
984602785
984602785
984602785
984602785
984602785
984602785
984602785
149776849
984602785
984602785
984602785
984602785
984602785
984602785
984602785
984602785
984602785
984602785
984602785
984602785
984602785
984602785
984602785
984602785
984602785
984602785
984602785
984602785
984602785
984602785
984602785
438602526
984602785
984602785
984602785
984602785
628239578
984602785
984602785
93375706
984602785
984602785
71264656
984602785
984602785
984602785
150119740
984602785
984602785
984602785
984602785
984602785
984602785
984602785
984602785
984602785
61475627
984602785
984602785
26784736
201678425
984602785
984602785
984602785
55960651
984602785
89491293
984602785
984602785
984602785
984602785
984602785
984602785
984602785
984602785
984602785
984602785
984602785
984602785
984602785
262729941
984602785
984602785
266521571
984602785
984602785
984602785
176161503
123089586
984602785
984602785
984602785
984602785
34527472
984602785
984602785
984602785
984602785
984602785
984602785
984602785
984602785
984602785
984602785
984602785
231435001
154761829
984602785
984602785
284972761
413666433
984602785
984602785
413666433
984602785
984602785
38986879
85833481
984602785
152825401
984602785
388918756
984602785
377802084
984602785
984602785
984602785
984602785
984602785
984602785
215804590
984602785
478598905
984602785
984602785
984602785
984602785
984602785
984602785
984602785
984602785
984602785
170566771
984602785
984602785
85896217
984602785
984602785
984602785
984602785
984602785
984602785
984602785
984602785
984602785
984602785
984602785
984602785
984602785
984602785
984602785
984602785
984602785
984602785
984602785
439862248
984602785
176161503
126007201
984602785
19139621
984602785
984602785
984602785
361744501
984602785
984602785
984602785
984602785
984602785
984602785
984602785
984602785
984602785
984602785
984602785
223336641
984602785
984602785
984602785
984602785
984602785
396309538
984602785
89107188
984602785
984602785
984602785
984602785
477446887
55982081
984602785
984602785
984602785
535148269
984602785
984602785
984602785
984602785
984602785
984602785
984602785
144696313
984602785
984602785
984602785
984602785
984602785
984602785
984602785
984602785
984602785
984602785
355151595
984602785
984602785
984602785
984602785
984602785
984602785
984602785
984602785
984602785
984602785
984602785
984602785
984602785
984602785
984602785
446915204
984602785
984602785
984602785
984602785
984602785
984602785
984602785
984602785
984602785
984602785
984602785
379505021
984602785
984602785
984602785
984602785
984602785
381116429
984602785
984602785
984602785
141861906
984602785
984602785
984602785
984602785
984602785
984602785
337040125
984602785
984602785
984602785
51351085
984602785
984602785
984602785
78444546
984602785
984602785
984602785
482506521
984602785
984602785
984602785
984602785
984602785
984602785
984602785
984602785
984602785
984602785
984602785
984602785
984602785
984602785
193460437
984602785
984602785
984602785
984602785
984602785
984602785
187896073
984602785
427084687
984602785
984602785
984602785
984602785
984602785
984602785
984602785
984602785
984602785
156428623
984602785
984602785
984602785
984602785
984602785
984602785
984602785
394359381
984602785
984602785
153629613
984602785
984602785
984602785
984602785
984602785
984602785
984602785
984602785
984602785
984602785
984602785
984602785
984602785
984602785
984602785
585304681
984602785
984602785
984602785
984602785
429655524
984602785
141636554
984602785
984602785
984602785
984602785
769848041
984602785
330346237
984602785
984602785
266521571
984602785
984602785
984602785
984602785
984602785
984602785
984602785
984602785
984602785
984602785
984602785
984602785
13999606
984602785
984602785
984602785
984602785
984602785
126529755
984602785
984602785
984602785
984602785
704214223
284972761
984602785
984602785
984602785
984602785
267886625
984602785
474621850
984602785
984602785
984602785
984602785
984602785
984602785
984602785
984602785
355222128
984602785
984602785
984602785
984602785
984602785
984602785
635711257
984602785
984602785
984602785
126529755
984602785
984602785
984602785
984602785
984602785
984602785
984602785
984602785
984602785
984602785
304140981
984602785
984602785
984602785
250671121
984602785
984602785
984602785
984602785
984602785
984602785
984602785
984602785
984602785
984602785
984602785
984602785
984602785
984602785
240031228
984602785
984602785
984602785
984602785
161177947
984602785
984602785
984602785
984602785
418432851
984602785
984602785
984602785
984602785
984602785
984602785
984602785
984602785
984602785
210450969
984602785
984602785
984602785
984602785
984602785
984602785
984602785
984602785
984602785
984602785
984602785
984602785
984602785
984602785
984602785
984602785
984602785
984602785
984602785
984602785
984602785
984602785
984602785
322626217
984602785
984602785
984602785
984602785
984602785
984602785
984602785
984602785
984602785
984602785
984602785
984602785
984602785
478598905
108292479
984602785
984602785
984602785
984602785
984602785
354155401
984602785
984602785
984602785
370679743
86983005
984602785
374980561
984602785
731039882
984602785
984602785
984602785
984602785
984602785
984602785
984602785
984602785
984602785
984602785
984602785
984602785
984602785
984602785
984602785
984602785
984602785
984602785
984602785
984602785
984602785
206023001
984602785
14935317
984602785
984602785
984602785
984602785
984602785
984602785
984602785
984602785
312248821
984602785
984602785
984602785
984602785
984602785
984602785
9076345
126049447
984602785
984602785
984602785
984602785
984602785
984602785
984602785
984602785
984602785
179191851
984602785
984602785
984602785
984602785
984602785
110575783
984602785
984602785
984602785
984602785
984602785
984602785
984602785
984602785
984602785
984602785
61929953
984602785
98895086
984602785
984602785
984602785
984602785
984602785
984602785
984602785
984602785
984602785
984602785
984602785
984602785
984602785
984602785
189821449
984602785
984602785
984602785
984602785
984602785
984602785
68235553
662842753
984602785
984602785
984602785
984602785
984602785
984602785
984602785
984602785
28773721
984602785
984602785
984602785
984602785
984602785
984602785
984602785
984602785
80637547
984602785
984602785
26788433
984602785
984602785
984602785
205409002
984602785
984602785
471891541
984602785
338206177
984602785
984602785
333338167
984602785
984602785
193851687
984602785
984602785
447254079
984602785
984602785
984602785
984602785
262729941
984602785
156050649
112646413
984602785
984602785
383988964
984602785
984602785
984602785
984602785
461517433
984602785
984602785
984602785
984602785
984602785
984602785
239830927
984602785
336123586
984602785
43420204
984602785
984602785
984602785
334081789
984602785
984602785
451717751
984602785
984602785
374980561
210647801
984602785
984602785
984602785
984602785
984602785
984602785
984602785
83847760
984602785
984602785
984602785
984602785
984602785
984602785
94293523
984602785
465474967
984602785
984602785
190494253
984602785
14497313
984602785
984602785
984602785
984602785
98410026
984602785
984602785
984602785
984602785
374980561
984602785
984602785
984602785
417820222
984602785
984602785
984602785
984602785
984602785
984602785
984602785
66162747
984602785
984602785
984602785
984602785
984602785
984602785
984602785
368564014
984602785
386509474
984602785
984602785
281835926
984602785
984602785
984602785
984602785
984602785
984602785
984602785
984602785
984602785
984602785
984602785
984602785
46154935
154761820
984602785
984602785
984602785
984602785
984602785
984602785
984602785
984602785
521951989
984602785
984602785
984602785
135542809
531570817
984602785
191200549
984602785
984602785
984602785
144696313
984602785
984602785
984602785
984602785
984602785
984602785
984602785
307252919
984602785
984602785
984602785
395627331
114845701
984602785
984602785
438602526
984602785
984602785
984602785
984602785
984602785
984602785
984602785
984602785
984602785
984602785
203234692
984602785
984602785
984602785
984602785
984602785
984602785
984602785
984602785
984602785
984602785
984602785
984602785
984602785
52676268
984602785
984602785
984602785
984602785
984602785
984602785
984602785
984602785
984602785
984602785
984602785
273676541
984602785
984602785
984602785
984602785
984602785
984602785
109847153
984602785
984602785
984602785
984602785
984602785
984602785
47000926
984602785
90753706
984602785
984602785
984602785
984602785
984602785
63066501
984602785
984602785
984602785
984602785
984602785
984602785
984602785
414871103
984602785
984602785
984602785
116479587
984602785
984602785
984602785
984602785
62335856
984602785
984602785
984602785
984602785
984602785
984602785
228173609
984602785
984602785
241737803
391880635
19936247
984602785
984602785
984602785
984602785
814613626
984602785
984602785
984602785
984602785
984602785
477446887
984602785
984602785
984602785
148274218
114940563
984602785
984602785
984602785
984602785
984602785
984602785
984602785
984602785
187896073
984602785
58793218
984602785
414871103
984602785
984602785
984602785
984602785
984602785
455748706
168052051
94164761
984602785
856165042
984602785
984602785
984602785
984602785
163620063
984602785
984602785
984602785
984602785
984602785
984602785
984602785
984602785
984602785
984602785
438527265
984602785
56567172
213483353
984602785
984602785
984602785
984602785
984602785
984602785
984602785
984602785
378564859
427877997
984602785
984602785
984602785
984602785
984602785
984602785
984602785
984602785
984602785
984602785
984602785
984602785
984602785
984602785
984602785
984602785
984602785
984602785
984602785
568604751
984602785
628239578
984602785
984602785
984602785
984602785
984602785
984602785
337040125
984602785
286969
984602785
984602785
984602785
437541116
984602785
984602785
984602785
984602785
984602785
984602785
23051821
984602785
46482331
984602785
984602785
984602785
984602785
984602785
984602785
984602785
984602785
984602785
984602785
83417996
286326808
984602785
984602785
984602785
984602785
984602785
984602785
90080049
112645113
984602785
984602785
984602785
984602785
453307377
984602785
110575783
984602785
984602785
984602785
444447017
984602785
984602785
984602785
984602785
984602785
984602785
33289159
984602785
984602785
984602785
984602785
984602785
146281893
984602785
984602785
984602785
984602785
984602785
984602785
73578295
984602785
984602785
984602785
984602785
984602785
984602785
984602785
984602785
361846109
142396214
984602785
984602785
984602785
754151089
451717751
984602785
181834225
984602785
984602785
984602785
984602785
984602785
984602785
446915204
205409002
427084687
984602785
984602785
984602785
984602785
82332745
984602785
984602785
144696313
74761264
312248821
984602785
289669501
984602785
984602785
984602785
984602785
984602785
984602785
984602785
984602785
984602785
984602785
984602785
28467157
984602785
984602785
984602785
984602785
984602785
984602785
984602785
984602785
984602785
196259631
984602785
984602785
984602785
412819421
984602785
984602785
984602785
82332745
984602785
984602785
984602785
984602785
984602785
984602785
984602785
257756577
984602785
984602785
984602785
984602785
984602785
984602785
984602785
984602785
984602785
176601330
322626217
984602785
984602785
984602785
984602785
984602785
984602785
984602785
310217251
138548161
330305857
984602785
383773321
984602785
984602785
984602785
984602785
984602785
984602785
984602785
984602785
984602785
984602785
39389417
984602785
461517433
502227601
984602785
984602785
984602785
984602785
984602785
984602785
18118969
984602785
984602785
58188621
984602785
984602785
984602785
984602785
984602785
984602785
984602785
984602785
984602785
984602785
984602785
984602785
984602785
984602785
984602785
984602785
984602785
984602785
984602785
37873935
984602785
984602785
545336020
984602785
984602785
984602785
984602785
984602785
22849441
984602785
984602785
225285047
984602785
984602785
74761264
44530606
984602785
984602785
984602785
984602785
984602785
984602785
984602785
984602785
984602785
984602785
984602785
984602785
187691800
196856353
984602785
984602785
221454395
984602785
984602785
984602785
170336356
984602785
984602785
984602785
213149819
984602785
984602785
984602785
984602785
984602785
984602785
984602785
984602785
425304769
984602785
984602785
984602785
984602785
984602785
984602785
984602785
984602785
984602785
578161905
984602785
984602785
984602785
984602785
984602785
984602785
984602785
984602785
298400009
449979641
26784736
984602785
984602785
984602785
984602785
984602785
984602785
984602785
984602785
99859867
984602785
984602785
704762236
984602785
984602785
984602785
984602785
984602785
984602785
984602785
984602785
984602785
984602785
984602785
984602785
99717697
984602785
984602785
984602785
984602785
329636161
984602785
984602785
984602785
984602785
984602785
984602785
984602785
444447017
984602785
984602785
984602785
984602785
984602785
984602785
204857624
984602785
984602785
162313607
81442522
984602785
984602785
984602785
84335626
205409002
984602785
984602785
984602785
984602785
984602785
426113061
240118290
984602785
984602785
984602785
984602785
984602785
984602785
984602785
984602785
984602785
984602785
984602785
984602785
186086741
984602785
984602785
984602785
984602785
984602785
415173993
984602785
984602785
984602785
984602785
154761820
379206689
984602785
12104181
984602785
984602785
984602785
984602785
984602785
984602785
984602785
257580438
437541116
984602785
984602785
984602785
984602785
984602785
984602785
984602785
157101622
984602785
984602785
984602785
984602785
189680817
984602785
984602785
984602785
984602785
984602785
984602785
984602785
984602785
631164601
984602785
984602785
984602785
429655524
984602785
254327626
44725120
984602785
984602785
984602785
984602785
984602785
984602785
399840792
99904276
984602785
984602785
984602785
984602785
984602785
984602785
984602785
984602785
984602785
984602785
984602785
984602785
984602785
984602785
984602785
984602785
984602785
984602785
984602785
984602785
39389417
452395486
984602785
984602785
984602785
984602785
984602785
984602785
