31789541
8997913
15193681
3910550
31172857
74513791
9098673
30124241
76548495
1218673
36626801
90985807
7115725
89389213
4431565
57978757
5585561
20965429
2438203
8747082
25243161
772237
4386016
6571758
21379546
32616689
10493507
16113088
37799271
45141493
5666816
94151167
8606829
33191294
6949944
50017601
29428
99215649
1510228
59676380
5675613
8657661
4933860
448553
5588170
56447689
15282113
72528418
12701275
9192769
17768801
5300893
17399705
522977
37878679
9506091
20202131
7613581
2190421
4681249
55967617
23654281
10541764
5394753
8248974
45123713
10375849
83229121
44497259
17646661
6160150
24176460
30817601
17701153
11205641
8158641
1706486
285445
2893501
7514182
8482089
102522661
5072681
100134144
65799395
75843136
774649
5914141
18004260
65715151
13528201
42944847
7365071
41756689
13445620
2159626
15686553
6006799
15094960
12530981
22365421
13237596
24147397
7931537
35069581
12739761
9546657
15838873
21039283
61798689
584845
19032301
28229422
2410401
5599774
11941129
3273536
3709027
17472531
756101
20776035
31905413
44231212
19161085
4434913
18721361
18269135
6757114
25343241
18601203
23102137
50617293
77552641
8052565
4395937
2373202
2137577
56778373
10030399
18660790
87846933
42709486
3937319
80884369
6895878
12496669
55130593
11212638
712211
49734541
4032513
17891325
13139190
14266034
83103730
18261521
655188
2391201
39631757
59687054
30855056
35069581
3483689
43309441
27841072
14433325
17802843
1595925
13973344
21334376
16847196
2027380
2119815
4106044
3201658
5723719
4579321
48585621
82824967
12918561
71202541
19589257
45302273
36442513
36982481
32609897
49757411
78936058
102464076
271140
21620397
7004301
3975781
8423446
96245731
302567
51682711
26357689
74151289
33677290
68377908
87863105
18340345
9370201
5969962
57477331
76319176
5467035
65361761
23110453
20597893
46739359
12909545
41046625
38271277
11014699
7267541
7698633
14687401
19278370
5836414
35475115
10756471
20378737
8605361
27657316
18441793
29864371
88832328
16703497
50611695
9832801
8317493
21049001
35535772
14072691
82104166
63680009
4481621
22784897
55254227
74679001
8115061
3057081
1951681
11763691
2826461
10995841
67685101
25764985
96674787
11746219
12258676
88575592
7604425
28368666
8076531
75679813
11340281
18856141
62149357
16309514
56872503
24319333
56944769
9152239
83702321
75320827
77431289
1161409
1653481
16631869
21604084
51997060
5031511
45654797
24870355
5832597
3307921
64953211
34898593
42709486
18388243
5484481
84087727
17553511
4751021
40457221
29918256
7910831
8161489
93255853
45915321
76920665
7510216
11568518
96197249
8946721
15247723
65073451
7287372
73076395
23441080
12170896
5609458
8115061
54132115
3249103
50355651
16211734
56866657
3313687
12511669
67840501
46494757
2569071
38933577
39230687
15504479
5045565
852299
66929089
23963836
30703561
55892944
6529651
32526001
16012637
29895076
9018689
11453721
29109781
3055276
32559143
419654
38657081
9916341
9735503
36279673
43961401
4494563
8742351
8605117
8110565
29233049
35539505
19881169
5834977
2401521
4005565
9622935
102279521
34207987
42028039
12131029
5649271
8956321
13085105
7102861
12135289
11284603
36318991
11182865
75819262
6941208
10336086
44121673
9069973
1277347
28585327
72563748
18896582
3484209
25839295
8744443
1571681
4116059
16763553
35237608
8710191
18429489
40904641
58599885
47729331
38156434
6977254
10055479
2348376
9277027
11291599
8686202
1215501
52728346
13243231
12321261
24176460
18769
2895649
7097153
6878245
26612769
50710332
2464442
7550316
13857286
61594345
6598241
103542461
25749697
17996155
3720733
22448341
82934378
23482801
19671765
26142019
14247712
25849405
80125621
89964337
20787217
302567
5815894
8219674
18896141
2952055
70546393
13445620
29492565
45328817
93334247
2015875
18280564
4147536
28945537
18840327
18799873
45585197
18368520
8605361
55131211
25692118
66870927
578809
11543195
30261253
24590202
20475468
2442637
9231976
1829881
7358142
13672506
3477521
54571124
10300301
92489671
2457400
29605071
23379189
2558872
7055491
13708988
82824001
20163161
29124481
22434287
95804271
1585441
11236593
44127199
6571069
11240050
1072501
7063705
1884469
4613545
27935983
28786105
82539276
103706065
87024371
38316361
43017315
64142677
52909072
3525253
99192091
32004001
25214717
8810897
14727601
10345479
5898209
6511951
11840079
16001249
29601589
1836297
22349441
23474920
26723617
3319361
22267545
14686065
8161489
14027179
71638551
11328505
7384641
229273
6742269
36018431
12724819
32695505
4519817
23550243
15063038
19215551
94397200
95242555
15771001
20342453
13091233
41495707
17524915
13562278
45564905
10547910
43067296
55403701
52481976
11435221
21808333
11387577
53115521
73432360
11751477
68901301
13638115
8506876
16309514
33594799
2826461
81980275
6657841
9344778
31381939
66343937
14380834
6131732
13594128
14298157
15306946
13336774
10419857
97328179
14161323
67961765
11337931
7233013
8404070
25182517
929566
28448876
33890851
9295181
78518556
47722651
102729657
55931332
4195489
6053923
69127126
94887886
78026124
14075793
30099763
13767976
81774325
8928571
14239713
22000993
7631145
20402467
4668282
10300657
7161433
5706301
92759827
19450018
18177016
12135289
6525471
7694191
70958425
57855873
30638627
14824001
5772509
35604037
10554703
15362371
56515915
8581481
28842213
55190071
39179666
33829625
2281051
20465193
12574066
5982961
11586333
98810830
25199736
52430913
3503125
49942235
7716625
30366397
22628245
31291791
3964672
7911483
5348145
95499535
9418807
20432775
5075129
9046417
11303767
11222653
17373931
1292815
1805142
5182738
12940573
1124257
45817051
94238885
1991305
7716625
19773601
19426037
5284813
24574705
13896582
8014537
1521802
98185981
12269649
11303767
91111493
46001473
978355
16226024
13653001
5250068
434838
52585207
20991091
17597962
17369577
14628511
38271143
55626432
5763313
12802737
44764469
9119953
41168689
28137585
30437486
21700797
36987443
2614089
5229751
16827829
64936796
73201389
29114385
19493616
90998491
6647070
56078421
5675613
676138
4697057
5180085
21626645
95116792
13413328
58642117
19517909
5708297
13186691
27104919
1269411
14038669
82000423
48535841
55841213
31198379
80978470
18316077
6816995
77584117
10440193
16059757
3462697
12333561
6749205
1439832
43434301
7527803
2699104
4952476
39404485
8972821
29810842
25347859
1236951
103714666
10299451
11837365
65952511
2353569
18802252
54552387
78267577
8224249
60860577
4991625
38999999
13828294
12377491
16701201
7539721
3507901
24092383
52516032
8263675
11772185
24777286
74876159
2991106
1830620
6860626
33866906
7675165
12397153
1547233
11357880
36042585
29056297
10868095
12554995
24603021
10566219
36981719
19545421
33385825
14476841
18307235
3722401
6766849
89035136
8225845
7429718
1792456
90627636
17569441
14687967
45498076
77477401
58621852
9865687
34816633
69299539
10536064
4643563
1040702
4584094
24089511
173129
16846101
23376721
2119885
26350759
12265395
70416866
36557232
2947176
32129989
6593126
7477382
47574356
5182738
6490793
11439491
28672480
48174987
3195046
12104165
6418623
3338714
9467967
28438774
2033010
2253889
6124081
52715692
62966611
849761
8230967
9461580
37119979
4279802
1533095
21139858
6938755
27481481
14233597
14750287
48224737
30524706
8024661
7196431
74319251
2334361
51691795
41916161
10408321
71682001
54687188
22804446
7776103
4911517
60327048
19445086
6490905
36315229
33728885
1683937
29918051
20734968
78296879
1533095
97164641
29042451
10694083
8049213
23026049
4655281
21836797
36042585
38723951
3217056
7122045
5233693
16303537
1402193
3525508
3201745
6408253
7277953
3095258
98417449
64446391
67981633
38603545
13594128
31660663
7818064
54541594
8019397
90794481
10110961
45655136
28083388
5340763
6451936
4428529
8167941
33651451
6364789
1270133
86171801
32904631
7565221
23168451
3334119
3402442
46567753
10415809
2209285
10835641
6118957
47661377
11917239
6428085
16694965
17256321
3598732
948025
1040702
58524793
32813497
11782100
3468599
62353914
55031201
70848681
2744785
46570321
87522047
13432119
31619370
24285641
80280154
22803019
56919451
60458355
13659769
8923311
19288816
32966331
44812846
87581239
14488272
1059017
30580149
26401519
11489545
62235541
19679836
85593658
10986646
8716615
65162241
6779059
10107046
8164861
6174601
12804801
101757734
6628039
69602565
16324833
5531527
38728873
802551
9345361
14687401
19614986
6847426
6165473
91662865
3060091
9834897
8591920
80352721
6851223
18911566
18299346
70091464
22630421
19055845
15431481
1181051
24521455
8853139
61020549
5882350
16303537
4245851
5183401
8290801
6338013
17565376
5523022
7257601
30684773
21903778
6380815
14233597
23322811
28557361
28463815
96126031
53283000
25248166
11212436
33450733
30480125
73873723
472319
11621964
15182825
3975781
27466251
2442975
40021567
4382439
60442095
53890165
23432782
23276322
11619679
30437486
4038861
38517421
4812436
55064881
58049083
40479895
6176145
27374305
20529215
34326142
18393236
15885433
8903401
1939921
3183411
87761926
7869333
40201433
60224290
24215007
19589257
80336563
4395937
6522251
84008492
18781057
28256971
104431025
31052112
7845654
1669039
14895511
63943551
12226105
12507735
28100647
8094961
5270505
7212089
8079517
18337501
18900651
25450525
498005
18885319
20068708
4187041
32450941
13196909
64220080
56872503
17739059
3266041
6941507
16353881
50679913
19169983
2731318
44663521
11347505
16474234
39627630
67206808
37667185
57945263
7362175
36338701
23613365
6280753
57907531
4790276
29124481
5877649
36351613
6766939
2819965
9680056
2222869
11673145
45221680
36031501
10134741
674455
17024001
18972409
30631723
11996195
89649841
11301745
9427205
64858796
17819573
50421837
22248887
54536713
101047465
11294977
83347954
7818064
7286411
8214354
30390144
75798273
1379251
8836026
5526268
4599365
8877017
56430991
8523355
100836178
3711361
17746359
77473037
1656845
8399714
2360791
13083238
38549547
39389129
12722380
18829001
69995212
15741335
11586333
27793029
5360426
73959165
38636585
266747
103400951
19833246
32138377
85958517
30799249
85841569
11398773
54514843
32172427
21443825
7664429
29688193
9042209
35259225
27863576
94866957
99274831
8605279
53982101
14841266
69277537
21594565
16612111
68410281
15146352
400201
42975596
76507685
8781991
11131419
71703711
13121378
9187333
1811810
30527849
15540673
27670443
44761316
37026691
26283391
19018966
15397565
7479151
19838345
77238501
7911483
13569697
64762945
2428329
69311374
10407445
13383821
97279589
22997701
9070120
37228411
3150981
5048257
6742269
39063900
13979653
1189629
14749696
17746359
20744961
16641337
2086525
16640001
29793749
1074509
6359695
97822231
91623907
3208377
5319833
87999562
9062873
5001503
50095315
50799529
5117303
25168721
716794
13529275
10110961
38754066
5622937
2562149
2817893
54506251
90076823
88666024
58393182
16931851
6224886
762268
15970183
48706251
3402442
5713038
31360601
47676847
6271552
56363581
36906741
20273371
21273473
77805541
83615401
81040612
10502708
1748876
15609571
20402467
36638749
28160944
58028876
12494509
63271349
8388577
7694191
20905228
28675585
13609541
20403163
39180861
7941919
791929
5638221
19504585
104138705
47145493
320596
89502798
9481105
12643987
40823069
50818267
99926871
9311617
16680609
9965341
75180554
56289385
11550991
13629061
3640081
47764986
46303669
3770489
3372501
79803921
14646196
15797887
5498481
72498553
74564083
7820146
68226373
86271391
2372385
18143917
5794177
79473261
2586949
20371681
28516311
93102471
17797781
41945753
11222653
24495427
8436001
4217179
19150615
3415276
12472461
5713038
4056254
11046718
10276513
26820819
60578183
8744443
2926585
14337345
22969687
90912812
11502473
19542523
10377992
9774887
72890819
53549463
10811404
12233341
11426941
24757417
15781696
49455905
25989265
45754801
27598117
72137983
16872571
23520134
55858369
17601321
34007953
12537493
5365927
53726295
10749344
55551233
14063221
1379251
95781401
50514631
21196594
62564410
19002705
8817901
28282135
10102401
14029702
1151893
56173339
6678717
21321370
12236841
1594126
40867589
43484161
5334283
15556113
9622978
78670000
13260677
3847007
37621625
35569601
17626209
5403130
12119259
86344273
78802477
5055926
3968385
13819846
26405289
56733795
41764991
3729986
2472247
4327601
10831481
8442773
15175150
11772185
9217329
16740857
37021567
8434801
9221345
4656226
6610543
13363197
1150657
12285848
11303767
35112855
9429986
7915201
7485241
9476233
10421087
4926265
21899061
6373297
8585603
82505779
3948737
43703661
69859018
28587762
17945097
69871670
36597216
15922817
28380782
27345571
7115420
20086081
96259207
8901058
6810651
3968385
5597929
31913101
40311121
89418601
54034615
16390305
7017671
45165457
96633317
1298089
10383281
17407125
85949389
9427205
24521455
75920262
57696423
7958487
5682202
15900237
371213
16624441
84820961
82318790
103467379
6002344
61907808
12696424
79013922
88073228
8024169
7144979
2283042
4314877
11586333
14300771
7548337
13961013
7087403
5422627
59785441
92262176
5011930
22996955
2845627
102765388
19652209
7904691
1138251
76836943
11703091
6208056
10046086
5678858
79256101
14790151
4601377
224705
599277
37089619
28197901
25051217
33967469
18565508
145339
9589301
36312696
7641201
4475001
28598577
3551913
4793682
17360681
66980551
1916290
102588721
23690998
12643987
15604618
17597962
55770881
35354881
38029756
19684841
3918856
12409840
62279889
30288511
54531071
4469165
16476829
575686
1218673
16168966
42184675
10635751
60419437
15043246
21431665
12544651
44584849
7007191
37476571
10300301
37204957
15798862
37890721
5914441
67391570
10222061
2011461
45915321
26045477
33267641
82992966
2751521
80495641
33068941
32125732
57678849
21846169
4718359
44292301
39904426
67907701
39473204
17565945
38820121
24217258
17409687
9691711
9896541
32821161
7568749
10222675
15898821
16070845
16280939
67265884
56392531
43554817
13514401
101337985
67538106
7990477
77797401
4255281
8919621
8079517
93389518
101508590
41468101
31038397
6953065
55933837
4113901
14550799
71785225
9427379
21411436
14420506
29340637
15701272
5184007
7215741
13922936
1378752
15303333
53619235
1512505
18789473
41007352
7993522
35808337
30855056
30625721
21896859
9720595
22537237
42809053
80145766
3741970
31641741
908909
71445937
7223281
6160150
27279517
14052528
31081373
11927077
10371159
191521
7429065
15406434
5162103
7163781
28303237
41614109
12581470
9973855
12412492
46715956
4898594
30465865
33739265
37567297
1683937
5647741
29084553
28438291
9652381
25893507
48972529
25132619
73165242
5473447
51430023
5498481
21196594
4954251
55109445
23130833
24196411
5732147
11696344
13531753
88769136
41426633
63178908
11396250
17439809
22759326
4800009
2791342
22143251
59395225
6393601
46220689
50949103
32833627
2614089
17369577
46861421
92591731
15100236
4761249
8686202
2561879
37850209
8889490
31880773
18555361
55495801
73658251
16846101
25648377
3531991
15437181
47193189
38491168
35493245
71871976
2169903
69722885
71466567
10008649
14127077
27444429
18152976
10978821
21049001
93497842
6066010
64178717
14561905
60913681
11192679
46433596
21371420
11455291
91093549
45700081
22270249
19504849
7678923
27454389
11523791
25882501
25887485
6889156
27844084
55203601
96105
101565732
9636026
8456029
37942211
29301761
15952648
46165681
32150559
72403115
22596218
28394236
41751711
9804664
30200216
32609201
20724058
26296789
9883897
4125088
8842921
13499805
1859265
20876565
75456085
36482593
10058826
12418762
18990208
27823589
4830346
14690117
91467413
46398
7493857
8099014
4836351
10584218
7944841
15598855
28862737
9186297
64606681
19520473
3414385
8559536
12720106
3596454
21422461
11924929
17923134
7932193
5666816
66424161
6609115
11953921
12331109
13924434
8260335
12960681
21176109
20016065
92542360
68090401
17189593
1978719
70532353
15100254
70488196
10301201
23722401
7571866
8001449
60378571
34960514
25616011
25700439
68322865
38932497
87786861
8313861
27154513
9865687
44577083
19742311
95317389
8423446
9273089
7083961
24451439
5048993
26927711
10672929
3448819
5864649
4663265
16312135
19837901
19289410
28962426
12650184
17513368
10832129
9464673
4385166
14872131
11826305
27540241
5244713
75951973
66212881
1871701
6404033
12516129
6816995
27280462
24561406
81232204
4963033
7013751
8096155
11826935
11131419
19579126
11006443
16550101
27154513
6348794
6557129
21018446
6751081
77368099
648955
33412576
43910263
86761621
3499409
6650307
8398536
12008767
3387999
55009436
69886491
541639
5756383
8922121
11908537
965345
8964054
4581851
52366861
18400915
30388294
7798407
12523015
21836201
5796973
20703217
44663521
702233
99681553
5723719
49958015
17979745
10182491
39636737
8152083
16214914
11896899
7776121
53243611
6131114
16375897
6380815
6083893
1612865
52955509
20244272
86553461
43923302
61829441
48035905
38114209
8276688
8598920
7869769
86929585
42303723
36507549
10020011
19232081
70701121
5668811
5525333
44842029
31849093
13645303
16718935
7536161
14422478
11240441
8531128
48024506
7355029
13288213
34365773
29607136
65974147
24780401
5322161
34178941
80417347
27097687
18600640
28415459
16996345
7568749
93333891
31586387
13808389
62501005
18978391
23043881
14625865
82088722
47317825
43974649
15993335
5647741
10547910
73042729
18634856
12732286
7335727
57870671
3477521
28413337
23224972
11504509
11495001
9864557
6588331
11254735
84365266
5852800
25563115
87639567
48884761
2901289
14231637
4552621
47263083
103440700
26324623
24204214
93373149
96940186
18049509
59583217
8073231
56363581
16745919
2386705
82283594
419654
20863186
1494559
3647697
20298799
76046923
44657765
8175260
7701657
10304281
9667869
48728326
6359695
48356165
11716571
1439832
15952648
15591904
3854729
2136581
54379271
6451849
95567655
17265123
4897413
83775031
50879776
11969885
10224055
4653742
44547409
5052925
24926311
10134741
80626629
9756773
49785456
21957643
27305301
6670081
8461683
19963009
7715681
6171751
81856085
446707
22109351
4963033
6159841
10133789
4731961
99636499
4652151
2561707
6708986
7116943
26811392
30351241
7981696
1537921
29330341
8845155
52857001
11131451
2657401
73873723
11797372
28026844
8230967
13022596
5723719
5274456
341335
10934901
40759405
89831981
37708685
30301441
92321139
11601379
33168859
29976601
5138013
62051295
32404943
36585693
5975065
11716571
61532011
34374609
7131300
59932890
63706739
10724473
5585665
14864105
3877777
87068121
87190723
20555869
7803348
19014601
2554705
2909532
79589693
38427517
41207419
30396601
14834356
15280669
2095549
61144129
9165493
34952361
11048985
9777841
11245761
5584161
5649042
62626921
18800488
5775804
35074095
5063191
3320019
93651871
16517788
27431881
4886597
34891210
8559536
15608626
16539859
8659715
87056551
61516351
93962551
3622053
17348878
31256639
6928321
51895615
7219371
87907648
31637521
1460432
13949629
3278509
57982849
23085811
3373957
5473981
10047097
1629091
82438975
4506621
19746441
66710359
1652344
23944315
5182738
87895377
9282659
7827032
1459961
94877707
18307235
9200647
24037775
17569110
34180546
86968266
2993337
18995863
69931585
24949201
4338077
11634222
17604046
2813721
75501651
18659809
8903401
8899870
68597696
12818731
37312705
30533527
26498591
12114537
37947326
1588678
5162103
3137608
36516292
16015608
69899416
2677231
16400161
1151893
10799251
2751521
87834017
84373315
49842020
52830136
99240169
926731
4293953
23872241
6437491
6525926
10659494
34960514
42926605
84706615
13807644
4393915
5683976
20025617
48130361
104368781
2800567
39338401
26425459
4955419
9286733
17772301
52720058
11674136
27478754
16016941
9274755
44882497
23963836
102045761
698849
6852429
9881721
32481521
21552353
97797657
7872972
3150981
31697687
908456
51141745
20692033
2345857
53507237
34536946
24189359
65415457
5717878
8937381
37852585
4122651
86802589
8214354
38933577
329979
16452586
43005870
5204781
10161876
28501201
9546668
8133529
43542681
8889490
13678081
81392329
55209232
8705971
453661
6440176
28457917
5852817
7477382
4373069
27198595
18920166
23028556
82584547
5713038
26067439
59616916
1571681
64611571
19268549
7232581
68350881
22574761
21883108
27087027
15100286
4255281
3074623
30307585
5696
32997105
28473985
52087337
7718401
3862081
2013191
16010261
11146423
47033253
529831
29069391
29976303
28236111
4602071
26118706
10883701
87182893
27615292
50099349
19577223
8410361
20882122
7002201
30234256
47468045
59338396
1948118
45670354
35797081
24423249
57592782
35543113
60850810
16873167
6542924
8720378
31450230
9601516
23775844
88032393
10166986
17710855
48421629
38207794
19521043
31457168
16897264
9464673
19646039
38193551
52488034
100975681
860987
93455188
79841928
10110961
73707276
1992304
17259943
98620023
12410341
49905724
19207641
50265601
65019781
34751476
15232294
36720793
15753799
30302137
64523551
40759405
4290826
19170009
5356045
4062151
28133692
11050045
4990613
95053946
18614877
3193906
43179401
11226855
12536621
8161489
5834977
3325477
52679247
32622913
64704337
20471626
2893501
17359105
15844876
18851369
9532849
1105897
34623143
101169969
15004897
2228471
11134631
7129675
11908537
6215283
59904676
44276671
62241581
30466502
32638026
48000837
16680609
88461529
22867621
60656289
93049029
4714441
20642353
9966302
26954121
62420833
9966302
12731294
58304513
6743483
52509143
26735874
12450429
3862081
4790276
18184198
4658185
81141506
12955188
27290575
26460826
4681275
8550014
34533244
32813497
101895625
1694581
17293977
16162170
100102888
60064511
50970293
25216611
30347509
11544211
24638401
88827661
102686409
89289797
5495371
11470141
5031511
212761
93484139
13391250
3948737
6602401
46010311
3863485
9939592
2062533
27531529
5418336
77994841
3696193
43750449
3711759
35479691
37791172
98318858
3140861
8110565
21028188
81194261
9899665
22172479
45532897
22804201
1107721
65868089
19579126
76265941
101093507
39061
56189689
15241953
11416395
73019535
546965
7445395
19557742
52919493
40672556
14823061
9261313
84001693
18108763
40929883
21747649
11226898
20176001
53404793
17067175
8946721
59048626
25993504
11937185
1018625
62896485
4480176
12686437
5038291
34460261
7118659
75843136
8260335
5844971
13853555
51873823
71259875
60683601
21208033
39931791
65025181
7814929
57732364
67961765
41671585
29179277
16967176
13593247
55155394
2102935
12385837
77892031
9538261
17124647
7664429
388893
4602071
11588501
24837696
3789493
104268766
2606356
35497815
23679055
4668282
7347159
16737106
11226898
30349613
42441473
16838925
7668651
10412001
40292053
3121546
2068683
15756607
8486311
52596517
22537495
7987913
19056509
10625841
15278258
10925457
25107255
9475426
7225025
19450018
14411291
5867281
3384377
16982113
1842793
3249103
74192899
28434777
30609801
39093469
20776035
12254496
4688005
22056005
1107045
12835153
11637268
2287603
28084036
11789389
15240969
6657561
1059631
12557841
8933545
14322671
64747529
30249351
3941350
209665
6224886
1564071
12094145
6404033
49732672
21551587
11946103
21392741
25749815
15633203
24982642
90879547
84643348
36732068
52183232
2763489
102018201
19689181
66949437
61662238
57694992
20493489
25897405
19079881
7108635
3085775
98450045
24950031
12275473
19795513
32613490
10611181
18156781
69621761
29708680
7265691
42026608
10322505
40419009
45863953
16656305
15189489
17073409
47961441
33982957
12080179
21692413
9614755
19987817
39752971
8978377
30772466
26519041
6476707
22792794
35611634
13591969
1486573
8628001
67401125
30065253
57953909
38045695
21544321
89937455
48812079
41254681
2855365
27543081
6792846
2731318
27339976
5221809
33081265
103542461
9585325
15633077
52805327
10609981
7059445
70937533
7644205
78576511
14774617
9818019
18593975
57034891
9147174
17863293
55088881
84476785
17886511
79734915
18773110
36001513
42087809
6602653
98966232
20346561
32224439
1188825
29004652
17054111
18851369
78885088
6199859
10712429
25645951
5109483
34259713
88639201
81549079
3562385
7637186
11755171
7693759
6681661
4523806
3055276
17853265
13528201
2778241
4306293
21661158
25580101
57056965
22296349
19462125
6371153
26648945
19283941
11156419
3912739
27659971
4510836
19165225
90076823
28371331
3847007
13608281
22343773
10493507
14606461
49952153
64426285
12465619
5557093
7106203
3464553
3095258
19310081
2793495
66746131
2898201
5568221
98455868
6598241
19469617
72652867
3090160
2836135
16269129
6190831
326509
16669001
20949921
9280657
35740930
16819446
11279161
61777321
11237987
6508969
22490312
11668861
51119233
1362401
68894761
6083893
20605494
24679621
10415809
16600970
63164176
36356802
19457725
62456326
4751021
8678059
1512505
46833491
20878129
59033575
2061411
41524941
42899719
24558473
18230691
5369815
7818064
59807267
53482369
36014413
6512106
15115105
25458541
41375285
28058884
20498401
22790651
7694233
20440993
8066353
7527803
17626209
91088362
8853185
60885028
8869938
22299161
449729
22296349
5237758
46581361
11726317
3345091
5782657
583297
13442752
25398001
17717741
10166986
28056211
12965641
6685281
72730874
2012711
47051185
77046971
9903617
6742269
97717621
5794177
41275981
2845627
24037351
22089981
28282135
18188632
76115488
5843593
2414721
1791453
9941177
1147093
7547017
9659209
13450201
13477797
9393449
17386874
84098701
20478151
14639043
60530129
14690117
2921521
28438291
15845166
8903401
4881061
7845654
7818251
13647057
44580481
6542236
76751890
3625687
10526441
13195811
17690645
7631145
22860751
4263091
4665997
8266540
80629501
27659971
32490067
949101
4881061
73172254
4229881
17571061
3194857
8898435
29725075
12748573
45411367
27942401
2209811
32808705
38696146
6742269
48754479
8315237
5650613
12665871
53059021
28292491
10694510
22106459
81417109
50728633
15344133
13662925
84223867
7139783
55538477
6750514
21848764
41764997
20162521
6025171
67417057
6365028
51787165
6308296
38680324
11164986
3730651
78365969
87098887
2767591
1922894
5470081
23130833
5584161
18485732
19985001
29298643
54544513
25948297
4431565
20989767
8877017
4619280
78547463
18029481
38155066
74970081
37858797
568317
66103535
6063714
36818842
29676211
19699714
47201562
4881061
54828501
24949297
2859767
18394207
97106021
18561241
39781881
27097687
3492660
9906442
32904631
26265681
55564070
2952055
15366145
104591236
66226627
57607681
20838889
26494201
15004897
6941507
13654394
14593117
11643908
48171523
4663265
19296919
28289745
71661441
70650079
34934785
45384781
366226
16073401
6488357
74965449
30279211
43554817
5614729
40119192
64616385
102748179
24535569
8248998
53939652
11301745
8565228
21297628
61958835
4064551
30926655
4010095
83948731
10691891
12358095
78851233
42080533
11693321
81871115
7828745
23545124
7984354
29531426
5057494
8561930
9393449
14602985
51716344
5138013
78922515
39953537
9360961
31643365
1256621
18900651
4987501
29243650
17049848
17260801
26744753
58083586
23728145
23322811
54389665
25519456
36367156
71345084
7694191
335917
41786917
3332086
40515535
4952476
12800899
80509111
75608857
27614554
21116481
23677123
8320479
1289602
2973786
17360681
4553407
50711489
24748658
13518347
13253809
90186361
62420833
24909761
10031571
3633176
12017311
71400097
4637107
21869055
62966611
5794177
3135327
40548981
95360653
45739387
18892176
51051974
58621852
6521789
11886124
33521865
164460
69245453
99614386
66304961
14161323
30231943
25019303
25182517
1141721
34215091
4803406
59894400
33004175
15536401
1319499
24338386
38999999
9797701
11534628
18978749
95567655
80060971
17183469
44549680
72246208
10009428
2222869
7050660
20751361
15732342
3451553
7759948
6947856
92134855
15598855
49611585
14181409
10714387
44443619
28084036
94800301
14055232
18564103
6655879
10147006
22267545
19181373
28992461
1707477
22263137
47073001
8207121
89237479
25938046
26468937
21392407
65025181
27561002
34419781
7723955
12176893
32609897
21063231
22831635
12146284
16542361
59030832
72793381
45094617
86653945
47074956
6773323
79572061
27286945
18317755
63974765
30184453
32450713
74013669
14284251
29203545
27629869
96706468
15381493
24996343
13986853
5979792
55425917
37496459
42245320
5206493
26844709
5036977
9117526
19144785
9834897
32382106
3937985
28383850
60645700
70333251
3502093
72541513
43448105
28151137
17088810
64327465
82816071
10134741
3661425
39953537
9050491
25271057
11348380
42809053
5551939
11047269
75547871
19516020
7604425
18752697
319598
44612351
11131723
65875783
28637389
10712429
34351625
31087546
9836235
936007
17565376
12445497
4803406
5281543
71171947
21579043
74292233
23674321
4901566
81220905
5507445
86991325
45498076
59442877
77100601
28055699
2702721
2606356
53928421
43707459
13192081
27085525
36526401
3968385
82930919
16128916
4524283
26466510
35657752
12517783
16915872
53943109
35214368
94802321
7424201
6106919
55504800
21715275
11473001
90270931
29365021
34806899
37024672
3066526
5258251
23467901
10254142
62645782
22804201
6708986
43016178
51891949
44346451
14380834
40193921
14858614
33640385
22579535
81279361
66827749
17303441
5464971
59210663
49743055
14998867
45103766
20896129
5473447
57607681
9585313
22651727
16616641
23422741
61259169
62279889
23226776
1215703
14907619
3525253
7958487
6655879
99081676
15922817
20218051
4092529
1094961
7217402
30442701
12147247
90689159
10493507
28380782
7920945
4450051
9875548
16007881
57901916
67862521
19833246
21563348
14493439
24984773
74392696
77122004
26723485
8683337
51162957
56802981
11006451
13620601
20479231
71500849
5063521
98306381
45391837
55948996
84952055
8255227
83377421
29025133
5636609
7203811
2039737
6631066
6279361
10039537
26781431
98810830
2054341
22028278
4431565
5118301
13819846
6557129
34202369
4815034
20944785
41665196
13143576
19963009
37150309
82127137
3030049
62960198
4820993
49534108
54347155
7667001
70452617
45302273
5494702
85947919
9787483
12595516
2017729
5168681
7568749
2471229
56650621
22028278
9079537
66084592
70806541
60974331
13693161
17423923
39498897
75003865
25889895
15198273
13133485
54380801
50961268
43620097
11366587
4425746
9615013
45797961
71463851
36521123
11166637
4838850
90067385
49067173
104622601
85036797
22544757
65697061
29595918
8799736
23393377
17176769
19974305
78986953
85538262
3542599
16015608
3470279
15390989
37851081
30565418
384395
14300771
65772130
7178001
19952839
19472107
14687967
13650337
52023841
6387705
24581341
58621852
21536604
15517062
8330001
9247425
41207433
24474966
66704251
52596517
28212697
39834571
10408321
7737556
37722133
40784269
8073231
46456841
29104640
58458115
3948199
28155151
9419631
43231113
83644852
46846729
91753081
69277537
2639044
64668409
34644289
6119491
14432575
10143071
6389653
23039191
6459873
36273473
81644097
10529839
18705129
36519197
13961013
24978284
16183809
88374244
104180857
12341801
18480785
1330561
34727177
8534023
26941601
5770076
8384668
10830401
14030032
6263353
7217402
5698366
5402779
3872421
40933703
101265737
5531527
22770924
57804406
34536961
92619643
53472241
37615956
5985121
9827727
463677
11281505
45513469
66385075
6348794
10057001
1049665
15815862
18660790
9546657
15481489
380551
7210425
29918016
17870811
4966585
37528387
30369616
16381191
54394984
2374541
83916676
5776030
89937459
4591399
27462211
75203311
2372385
15278032
12842416
14492171
1919701
22644517
11326251
15345410
13625569
51022951
26831575
6159841
104134501
42910894
58099420
31933220
38229517
56053348
17067175
9345369
3604501
869779
42815280
87005381
13252121
1105456
5638221
38663905
9491033
6006799
8214354
73802005
9865687
22393121
4385166
25904017
55477738
54893576
44246021
20171647
21411436
36000897
44850534
18465187
44333201
43843609
13275431
9405621
21307509
99992511
53762115
6712753
36238805
13196228
25582681
37742653
5615156
28643473
77866036
16195417
37498357
19649857
48612925
12317371
9536082
19985001
6634621
21635301
23252659
16435927
67391570
32191391
15650581
2776456
46219377
14749696
3202683
5638221
19862701
6988919
501586
38882598
54923329
3812389
67364725
38657081
14381074
15302293
17356109
83134339
5033665
5484481
101805361
11284351
8960241
1450752
34681021
6657561
84240001
10197713
1780189
13391250
1730701
4177011
10541881
46767001
19883556
80502133
1018625
3866507
8047937
11240441
6739327
7360693
3711361
9302273
3261083
27849937
2412301
23507987
29890601
10289805
77184073
6218626
29976303
7362175
16211031
12839833
19671603
13109183
95248181
21762001
83791327
35828929
4797313
43989925
12855717
17588721
4789350
65664171
90908213
45265417
27770519
19375849
14165061
5200549
41691326
17735115
13605246
6948465
7637186
861043
35193158
8001181
47865371
10391773
7440635
12998518
3302938
33186251
21188251
22537545
7527803
11268433
20812569
52957801
68377908
50645226
25503559
42765457
20000498
16015039
31516693
8853185
6977254
8749130
95416785
5698366
3370753
23545124
38917835
9274755
44211798
17449525
25712986
17626209
5145778
16680609
374573
29656045
651249
29725075
4552621
38859445
8836759
14557369
4010095
9332117
30809917
21045097
84328161
19614986
3702791
42713483
11663642
25587091
21712135
96366788
5281537
11548855
10254142
13562278
642397
50543518
2067875
81957461
35654110
5072681
45359593
6792846
56179696
15362371
16990016
23276322
29799406
14868316
10029321
6903313
4195489
16862551
1176641
34816633
10832129
21082153
5551481
18409601
14180153
31928261
4873478
6004615
29708680
54835505
87477700
4386016
4254214
4735333
50721301
1910657
8328972
4898594
2843335
39574651
51141745
28417201
13618177
4464721
1905542
15009064
18295927
19953851
100937971
71485
36877633
18834631
4106044
11989217
19517909
22733313
7527803
79572061
31046345
4059704
40087288
9393449
13813791
60869905
45472107
5162103
4747121
26589522
24907441
18019506
69009513
76251785
7598137
22543201
11896899
4368897
22778161
72803515
20312251
57531505
52251211
19946224
11636117
34326142
4367595
22877268
6760621
39778565
72298291
16771321
8187901
28575492
38330936
74406814
7013053
5987321
54492305
7514182
36389725
8211193
23000185
61668937
17762501
20831581
9788499
7118659
9830055
10883701
6358451
6490793
35760292
11323791
19739427
47328037
16788071
7260606
28205848
15317527
4463049
58902859
836041
4769101
5852800
1664477
46448911
846321
14063233
24584103
12658416
24518986
37614523
3651781
6843630
9546741
59188651
27951001
2478724
14168617
22503841
82105373
22150271
96706468
32024861
4568161
12905649
26865849
7468243
21045219
59739025
3293176
5506889
57251565
61747411
83201705
56223701
18896582
66919825
6174601
16645889
2764945
62726256
80104954
8407347
44088661
43241959
4288279
57884590
90808546
83679033
7119645
31186177
10345479
49640054
100275215
4668817
23665121
11772185
25597279
72324721
61778848
11634222
74585020
9756773
22923461
4138801
50408470
55182675
10016021
6197181
11114041
17990253
17552373
3178316
11381051
4983457
100015225
3587893
30671579
16745919
1051867
32106882
93740901
55441426
6066010
6942981
15379537
20758717
3137608
50178445
38314299
3986233
79919281
17595121
84137340
6361258
54851455
53785957
22865561
7495073
6663097
83599561
8195223
2438668
15811303
3999160
2897775
3872421
17760367
86166949
16059757
13573561
17498146
72115850
40764263
21868705
20773033
1502919
12042405
17838361
17216641
6275160
70813909
8375985
4109098
2704417
13159534
45377851
17504066
46912317
33602743
17535025
64589135
6393601
30174817
24256951
3557464
19492711
79977864
27431881
20575164
62575009
16783361
6430564
1658917
55027046
6176145
4867606
60703948
31431226
5002079
45453125
5772509
6719192
7568749
9186297
37672001
79186681
57028063
64973895
11037437
7594475
33405270
6208669
4278818
34435163
18881221
45863819
21246941
18756041
11622526
13452441
2663684
38201876
43940101
46115041
16336981
64392065
18755835
28104297
17880006
5614729
89291811
15372246
6124081
49442988
27496739
70541419
7485241
5226445
20836675
2540185
12554995
41540012
2843335
99115633
23915233
7608301
6151261
2690881
8103867
12820237
56293917
8767342
7429848
57805735
385331
7518195
10500921
13156401
22262601
67156541
24008965
2790471
50862189
13430401
17921032
16865351
17607913
20078455
68082247
87765471
8749130
8069041
2034481
43170195
13433951
65826401
12700624
7738391
95742049
10333483
3497649
17556481
73720109
8202781
27077513
13360426
6476707
21789479
35807305
3557464
5136415
3516571
73172254
25810391
75560929
3948737
97041541
4996806
82654387
4941063
24690501
11471545
42466173
43961401
4400461
19445249
17746359
48972529
76602483
89817808
21508906
6788405
4815702
91093549
469335
9553039
11109033
66971707
31360601
5516600
2414721
5351841
10092421
5041163
49280353
3713513
2741023
80714341
21542401
3826747
23963869
6350526
47790983
38977911
2817893
223867
5180085
22953217
18541601
102853600
11396250
15977437
14731571
12717001
4392649
8456029
9699382
82334017
18881221
34125939
32841832
5690327
31730842
4994839
12630337
2438668
18032211
5221809
3984076
8780059
12616581
922561
44319326
69785773
13233187
17167801
126056
16836793
60862936
10514519
22242865
21883977
7260301
2846803
7715681
91881493
28672787
67382451
5287237
13398490
27788069
6903313
64126587
802551
12714542
6018701
15670953
4568161
72736794
2480376
13744421
49174077
3729986
7172418
19084291
95536613
15381493
15517062
7351345
5833721
30726762
62501005
2973786
9238261
8263675
28617520
6676321
26667937
95898386
9217329
10402984
63421326
32869097
10691891
16339501
14558861
10676711
15370165
5057494
19481959
7889860
27070382
19209601
15306946
45246279
61065421
37617547
10295029
61065817
6269040
16452586
14463781
26926615
13045168
75112753
15316556
52506154
13877893
57213028
4648249
69678241
12877489
16079126
82987541
9589301
9344778
90389953
31517981
8569891
14078051
51642284
7718097
65385307
18693721
5371513
37605243
9606801
29398226
31999969
9426129
44721393
18960813
7478504
39960201
35214829
97543921
2251536
77083029
6828471
5340763
13837374
59107213
11750977
62825489
81194356
83905345
20383901
11986881
21135497
34426276
42188017
26615961
86916441
6246955
5979792
20905228
70798456
83615401
52577909
18090385
5676882
8145149
12365167
3322190
6998561
30938730
8517255
7137523
16644376
62726256
11621964
7900161
18090385
6260017
55071402
4641235
2095549
5045976
14149073
86189202
787699
91591921
5394753
23183196
29340637
81619066
8320961
1339735
9888313
183493
2181193
52509319
45389167
25060283
9491087
58544008
26679617
3401138
94772881
943611
7841951
47038519
19467401
30183981
103137683
12411561
65679391
13360426
13361219
55782981
43773661
24032023
8076531
9939592
82303973
59465341
9202543
4513229
44560531
9455361
58492433
8935837
2033005
52412225
5048257
5676882
34058325
6977335
11819563
10168278
16967176
23215537
28862737
15898821
469864
13738861
21383601
6063714
15945661
2744785
40087288
23996943
1657846
1476577
17936060
10038049
19472107
10778719
29042451
13664491
4735333
1972546
54366964
8390446
4718359
7699135
2927641
14500371
58220611
54988525
3752189
12339281
48304838
4219046
13758049
3369609
49158201
88996441
11347441
7295237
36625480
34872058
21955451
14372068
15370165
11240771
5065387
8423446
15934246
88424173
27945271
6780271
4516184
22170435
63226729
47701927
8060900
8325495
18121689
24133873
53882921
22284241
4622541
15320779
10574757
605053
49317379
4552621
86664845
54580566
2459206
90780739
10452646
15100254
39420161
908456
37624929
8091897
32788398
9757301
45661147
10302955
50133632
83103730
76741554
1946399
18154919
25470241
5277644
21542401
13721900
77677832
59303209
18338291
24358237
13497980
1325908
24750601
22089745
5668811
2741023
22138641
37177934
12716501
79591247
4319225
4858669
15686553
18869941
8423521
48361165
2871998
5000703
51350465
10231206
4621181
6816995
16673816
67417057
11734173
40053665
23677123
12073797
8482089
3809281
9117526
16090474
8503789
3181585
4990613
65906517
13896582
5973601
12103499
43305729
2862561
34243777
478209
7013053
10289805
5224522
41827645
103634805
21508906
15536401
13824310
14582737
39235501
63216593
51822532
57861976
1325908
24091415
2655501
27769763
6350526
77388873
5076779
3088785
9122161
11989189
60877792
15193681
4376407
15431481
7771401
20465193
7805516
1586881
4666741
78825106
8390446
1548145
19163585
41431744
13975333
30855056
14437701
59291889
30772466
14582737
8248974
6946501
5954641
17691595
6263353
9546668
10574757
77797401
29654654
36637667
52612066
12191167
70151145
27282641
11226898
4327601
21370941
2926585
8888865
18692547
18608476
3964672
480217
49840466
18429489
39221925
14181409
88677026
10602775
24033406
9850471
35166925
4831751
6949944
5739441
16272316
4144045
13452441
7498497
64230431
20172863
45368428
58783262
36240522
4506665
31806195
12494070
1263691
5261569
39743400
59226765
1152829
19805939
31913771
59911313
10021676
54799369
19852085
16722178
6455887
35686561
53956973
35949965
13316581
9988899
2825230
2297491
50710332
14300645
8836759
31509801
34751476
11254735
68090401
33116041
10750975
54005238
1343684
45584687
52460711
7067051
15245643
47038001
47449913
75501651
76160572
17307991
12412492
32224439
35315908
2094814
23593501
9725803
17322721
76289357
43144921
41414798
6681091
11606041
21899061
23468967
33857209
25395401
103009503
2695234
8016951
25648377
2347497
318817
58004101
7426081
3963901
851521
27895009
43752402
63300095
43945076
22172479
13048716
67160881
53276861
5898209
74714480
12472461
4220126
43454081
5187664
33450733
10829851
5856261
1725105
5501875
19856611
4056254
21835906
30204147
7129676
17877977
5898361
9969058
19047175
9765722
89454916
30064299
41688604
100024431
10611181
42278233
12557722
24037351
43223511
30453795
16010261
9618925
7917301
7045809
34779681
91763383
21026721
64839853
8175260
7136350
3178375
3411589
8977879
62450041
7053526
1417962
34457239
39249609
20440993
20924233
845090
9852298
6291975
6451849
75564307
9461444
29506616
50053455
103521601
11284603
9770551
19669345
20575405
38948317
3880603
6038376
41122069
17319611
6404033
44721393
55744963
8901201
36142357
25608123
69706351
57489345
10529663
8317493
27062947
15810289
32137496
13120948
14014648
12032908
15316049
74564083
78936058
65112837
22335817
11896899
7081929
40743739
19160351
44525806
6574461
22583649
22092283
15236897
7723955
26296789
4309420
6136580
6176145
79572480
46066889
35169205
12680686
65070511
7048761
9443493
42367233
17785364
33204326
12177523
26575966
38935237
37496459
48193026
11943153
51384345
82088722
18941728
9850085
62134181
77286861
17423605
9098419
10847131
48261495
58347265
38677759
24535569
57116710
9079537
18597391
46094497
88821985
416109
6270577
35452090
6350488
1441369
7536001
20385421
91858446
26275326
5581221
4687033
33831771
24751361
10222061
10624810
1597219
11264446
15988332
11434221
28032866
49308127
57157002
83282701
22393161
11789389
78036765
28177441
64718961
24735397
3931333
8320479
14105640
10847131
5035960
4952476
32128737
8853139
7522841
10188381
2893501
9427379
6106919
13813791
7115725
1923751
9105697
97547561
46631845
6657841
40054106
9230977
9079537
38619900
17260707
10737959
3334119
52805248
6780376
3348937
6503663
20320057
15705677
14476841
4873849
59904612
29908165
26283706
20632915
6721510
3197800
1242580
65906517
14502709
44515353
18370801
66745400
8886377
38291790
5959994
30967799
4567201
12060427
6684157
7981696
12722380
20667424
19366081
32889445
54773461
8445251
26571508
7178001
15397565
10193585
10430319
12530316
56416646
23574055
18510817
2626129
5914441
2033901
6650307
27975385
36329027
51212841
45276749
24989381
19327811
11586884
69791013
11190901
5833721
75968729
4579321
3971761
33129457
7335727
22453505
1489281
36732068
56715875
27367822
20932235
8997913
21459982
11469986
24850397
6440071
3096567
18068078
1162097
12960555
22915535
11425771
3261083
17560054
9507013
80839669
32807019
6476891
94699361
9940877
6393787
87119593
12965641
31381939
24670323
40563101
13438657
19837521
25899864
1094569
7333109
27097687
26295886
4812436
4205242
1488241
11822761
8749130
27793029
17870811
71884163
9405621
10343521
4074017
11391277
12188071
4392649
48839121
48372485
596265
19771585
61590350
17111691
37031801
23393377
13205799
14657116
20403553
6211837
