6084779
25573395
5775841
16183465
3303067
13717936
13261201
29105857
5121433
14116689
429392
22722169
42963081
8267833
11741969
29455489
6542019
14824839
24224083
20698997
56657989
3882154
6083791
67859725
24632291
33371563
4639536
20972499
27008089
1935703
11636587
8796967
6220696
2747545
12093233
5333921
18882305
70702897
25457341
6353068
25498817
12213271
28659742
4206609
19373265
27522001
14199437
23289341
63217497
72709729
51096456
57434104
3331369
7764479
13381630
2876345
30617182
26584522
11846121
13521904
14382370
4090741
17245018
8295211
5369729
14181967
12153799
3614163
22567471
28815279
15346105
13547246
19827217
6566905
5287333
13845976
4418401
29202889
32642512
9132923
51661153
57321793
33959966
4657143
1402921
49739889
11580347
33241035
768853
33479569
943601
10483045
17476804
45337601
3599851
32222104
16886479
6109882
7502846
6923197
16936381
41870326
8956505
57612025
7217704
12464698
12492737
9988701
13710401
5195450
16597713
17165539
1752617
9648146
19865096
14587899
39999051
6122836
62261569
56275588
33809066
27474481
27684875
13215931
4246442
3192745
48636169
4622771
9028593
29396017
44014955
9457371
33083205
26642281
7524379
69252545
11969035
22148624
9876931
12218194
24809713
61172953
429392
73449811
35697754
43480321
10825229
17618526
14992321
24290905
407341
36093211
17078797
2195994
3755301
21907491
11969035
5465590
7529641
39628885
20739268
9523840
1733001
8648839
16158277
5385731
3444283
41054486
10354531
2477873
11518089
17954680
4232993
19283076
84908654
46768045
4276195
47500993
28944510
31117204
18744571
32876423
8204545
9945625
9526276
46903711
68900455
8854030
13345715
25500729
15065506
5535004
13939813
24657985
4273971
7671301
49889913
11054371
23766492
4797073
19829569
11108285
18673337
73385313
7759725
91852295
27400240
61626310
16542590
22507840
4476473
48942308
1960421
11300139
3114721
24994201
9028269
33526243
12605286
7735289
6173971
21863197
2598177
4904117
18729251
17775401
6592996
13961205
69745481
4999696
2967001
37903911
15694857
17960886
16354441
29507353
25111681
38861317
12583749
8554529
6876913
1894246
16000167
3958081
12697016
5452721
38496481
8659967
7916077
8352269
22826781
17156558
15268551
69436573
40250533
78599809
2583901
68566213
10839577
6525289
21711106
20543449
6482814
34286746
47324161
19324433
8869585
8410025
32061835
11838233
25910057
4276504
14173034
61890633
8194936
40957697
12894805
11154701
8287543
28103251
5624951
23138314
5453289
9299426
325451
30205495
6859033
51400279
4772377
3683088
23249629
62471636
15834501
10190137
19007248
57725473
3519441
10297036
15111825
5653746
14836053
2547361
32797932
5441157
10332750
4358481
23497652
7846621
28691771
44191225
22761836
16314106
11569078
6474077
30999281
6143308
73946146
1350541
42313386
34294717
4342465
35286581
29186140
14878249
6964876
12227251
10366241
5321933
3347794
7082344
11526971
28844531
11439051
9856783
15626746
17780665
12184566
13117881
42901092
5444840
22783545
22923181
32217256
8756388
35292118
7991791
5495051
21343253
12171097
3788731
6810301
24354009
8822289
34452793
32888305
18821713
9014209
3736402
6803452
11378876
11741969
10226431
16666273
18598113
11502187
15823431
844109
3285965
38434096
6014791
4936009
11194639
5465590
23409787
14824351
72829001
7764479
30182069
3688601
34297781
6194659
21352849
31942561
11341101
7460126
50702912
3392641
4496256
68211997
4142216
4285945
15712654
4838509
11494501
3184771
10638636
33385664
1779742
2420981
64489846
4953877
23953825
8193508
45089089
10848590
5918221
53707351
1897419
22236343
15034497
6693760
59737969
43491631
38448193
10770300
612951
7779329
9035351
12909749
19479877
73053793
9492301
21678021
25063309
31823251
40357201
55890017
43823097
24199111
6989959
5881923
3842338
31274497
14824839
20419751
47975066
4220661
18701761
11298405
9963879
1985268
8398381
7311217
2997897
10622992
14444311
12712579
4308003
4677845
20812954
36183582
9880529
22839136
8277649
26790722
59207937
28028939
3350747
23386232
46396531
40291
28819629
5723712
13553941
14112097
27599691
90532695
5985106
2787578
80015041
21121129
57585837
6222058
46708225
22331161
8001389
2975773
36622717
4417657
11550721
18223717
14927725
5475531
33795378
11347048
40114351
3812593
24967951
6017679
5693029
2792553
17469456
3392641
6121873
4609063
10839893
12330561
33921105
8756388
2466441
43388665
38772964
10848531
12428956
20218078
17592275
17509781
4891670
8210015
32888305
13650241
10649737
10054146
18837919
90202201
1194997
7908901
19536056
54394459
2593535
29262101
10203499
7156921
43386702
48928774
16874579
14905243
7833447
3463561
43490621
2997897
7706050
11300139
10703017
3996798
8497385
7875451
13701195
25387111
913711
28443941
429651
17028391
28045794
69731366
22236343
35205301
56654909
13583615
6935321
3751463
10651130
6792033
10954819
9874757
3209641
12707899
3812593
7701855
5982052
31513681
18045389
18582021
59944754
4478761
3631255
19829569
6439057
46386376
77562749
78894598
8672686
7870339
17779195
11648701
12592657
6145451
5955980
21645716
16417369
3411633
9918667
4356001
23825273
36422917
25527489
24848693
65462801
15291091
7895937
2554741
21545899
5643233
6176402
10804585
14393425
85387771
3169406
21171524
34690111
19597997
4832257
24855013
7932421
3086677
7554645
77977624
33231381
23436778
8869585
3590933
16126471
21566960
3041428
16126399
20893477
25463719
17504230
17990335
12296785
3637309
17042665
6943162
61865721
15587791
10896964
27684416
6610031
11008153
28186957
14818489
67287361
27198639
37658872
9445921
25191895
48993891
9369205
10056241
5482126
7729120
64991116
12067564
63401569
15276921
22936809
3524140
9553201
29894085
23395702
3201973
9122926
5030215
6566291
37993711
15292917
4136257
4728331
33055491
55017612
60005929
34303309
30851248
21588141
11611660
1097001
14302301
1387625
17086301
5919027
4318941
26446608
10398961
11155439
8340553
18520819
7610741
4634470
50375233
1600210
5567959
65231143
18546529
4348000
10243521
22392709
8418826
34465945
1230325
71419969
12672001
26317513
7203623
6187726
23311081
35783391
17903637
6585985
23479225
2694893
12813376
46243548
14887801
8652180
10398961
64087831
63509496
7424838
52100908
32188417
27505681
4411800
4250796
81288325
24480971
28618221
22448031
15111769
5788915
28327209
6204147
19457171
4936009
4208641
5827249
24606541
7991791
11268051
2969731
8196361
48604726
9060351
25922241
7299801
6131094
2899282
11625741
45162074
33960873
17253793
10589569
60418541
77275589
19902535
400177
6554521
15894565
81353554
11976917
6995884
12245388
36692159
5351273
22840845
13141442
23885887
1102067
6300859
29507353
62194329
3202313
10692848
4909393
10467008
13940501
20029337
6073435
11838233
27778235
13134941
8045764
14218997
18045389
5918221
5817894
8165833
24171790
2736625
78895581
4002076
17780029
2517516
8869585
30655126
3511521
31376731
5019490
4410726
9961876
13057201
14272798
3466841
5513626
57889801
19073251
16618217
11880633
18446303
2314173
17491233
22080609
53801301
21377977
50987251
35175141
13873203
5285953
8385501
26702385
91632535
15441154
11489521
14557991
3499183
6819116
28702841
8840041
20154198
52871041
6748477
8858871
8346001
40106977
15317817
3435879
24232878
8616466
10346005
3472778
47484469
13820134
32217256
26503561
36349129
16808874
1260167
24841090
6835696
45170414
3130761
9597785
3054767
2287125
39939907
28233697
23824891
4289989
3645511
29118751
8840511
7376238
3114721
37908361
19739357
15405307
8363233
18616605
72945081
18189809
25878046
50422239
2953315
1671147
21207825
36710951
10491801
10027269
5367601
1394251
58684546
37565371
3681145
6894343
18967321
27783061
7628693
41219937
11603225
6034379
4559061
24660861
11289457
4867601
9981441
15843426
3061705
7458721
28360711
18070921
4417657
16378379
63079525
19607106
7891754
20923901
6195757
22663041
7282731
27425089
9746614
36777313
6525247
11953221
38600156
1602897
65968746
11441501
8449526
12484970
3337306
45170414
20256111
11491147
11116279
7208513
21930476
9412051
10400499
26707729
17340753
14116689
66495226
60828146
6075526
4217329
19448179
4312945
12016177
18286111
8790101
7451281
32786209
10031841
11046994
1529823
9557161
23439261
23009001
35304305
7307146
3511691
18797677
24551121
39505675
38828633
61302943
11136301
73312329
8947896
25893701
45866001
18833921
6075526
11896641
7725313
75495911
11647036
34661651
44616144
14430433
13555837
16023385
20916715
19308118
7370182
1360181
13111165
12392011
24411853
20550009
17748471
1038637
11484241
15505681
4933503
10440235
1697561
13055713
3952845
1470181
22236343
24591898
38442884
7599578
6668697
48093897
9256457
753964
4260866
16149071
31689525
8137125
20111367
41785251
3330981
4926628
5955980
26419273
8316313
46122049
44135704
28913567
33157567
26520208
8359957
61117231
18944597
41336553
43829223
9105401
18060417
39380077
43271911
82266493
28237630
31639301
34714483
7993657
4240700
9423919
4317013
4495745
2048353
49805065
20500196
22616947
4386691
36567973
53751457
6032196
10970437
14506199
4142216
28954069
62228022
17704831
5112865
39328537
2301619
15873441
32254057
31277341
9329683
28920776
36222341
23131172
18807118
42542355
6403627
6382061
33562641
34040875
6464956
3877185
18784729
1558306
12905133
11933481
1808007
4741129
22488401
12740861
15832729
12148449
3653840
13295913
8426587
12586861
13903139
9406876
37024331
3530723
10145973
12153055
7207873
51745567
5469920
15989899
1419636
4756881
62194329
33968641
27425089
8324309
1018026
2491926
14332276
3683911
2260711
23022058
27103886
8516161
2617441
9676161
14405269
7307343
15492478
3354781
18784729
3916126
21630357
19625318
795523
24599641
74223539
7815200
12573758
23531224
15783184
6065523
22198023
33813482
4904117
11467366
28237630
24436545
3073486
31191049
55500961
3943765
24660861
7524379
4538431
85909195
913711
8140561
5158401
9271051
4571029
10025601
2699431
11011295
4229471
9357531
14999941
11755291
40211057
10338625
6303913
21948796
2336526
1662049
17660281
66752895
1055557
5747333
42451183
25396867
7407974
3624601
31519313
16790356
22484203
15247090
27831016
17487433
36910889
20293331
10173121
3449707
8861649
8540617
1333459
14948441
1317913
24285646
4065558
68001147
2698732
19998907
5482193
2641381
30239359
17216756
9407869
22392709
2076241
10952348
4171833
20915849
11240305
6040901
7370182
8203601
27727876
8262129
28538912
8914361
6176201
24260587
28978021
32826961
24234676
54491413
5877696
50878801
11321437
25420897
11257678
23249629
50194999
62179237
7908193
1869191
65980160
10056069
7364062
3326686
47968105
21925653
7476601
4878593
24132001
6053401
33447513
21090281
23267841
2746803
24852433
8700949
10981671
24342744
5828189
13584123
5817894
7128299
24055872
10375617
85845787
5260900
16795469
34762040
2733267
65849249
4267401
4100587
2674901
30179010
344561
8005897
8823567
27683874
16191488
276043
18648763
1922281
45824325
71350957
18883679
4987099
19240397
3238535
69256193
2345553
22346281
13086251
11037661
9146793
6706571
18312139
7100241
52565584
24091425
867997
29245351
3659939
4363164
9650467
10969813
46874701
5091724
12330561
22065976
6945601
26915981
34487344
16294547
16408316
30797031
55246346
16723097
1149291
6889477
18673337
7908193
15774022
10907921
5865497
24854761
42790987
9255241
2524033
65632373
29768101
43427385
14945061
8065597
4533933
7339506
37070125
5370826
920449
1400982
21457801
15861343
8957305
3997351
15978673
8284337
15007132
2136577
96603705
31181275
47307956
2301619
2943541
4454035
36154293
2788105
50167961
29203480
35734273
16692046
5803253
6819116
13133368
6945601
18521581
2303301
47187054
7200523
60827911
11611660
5828833
3256215
28178838
45138262
11288705
25270607
17337781
3571184
27108586
10346005
4113401
5581213
18133848
30980081
2655801
3702957
42912046
6247121
26282551
11636587
4808371
3078751
15169985
72039439
12055539
1906468
48465049
20704516
52968645
29716315
9689461
20468708
3786127
7204214
49589891
2759713
3886399
77907312
16650691
7398175
9028269
17267242
4542673
31820671
44292953
3472778
70894493
5389801
12955173
76816721
28137681
23738316
8471821
29137471
14413621
17341641
13956151
4810394
761257
68543667
22886020
19523001
2444200
4548001
20051761
17096728
25480517
17647801
7393965
3459661
1803325
7372681
25268328
27057794
4417657
18848401
54673251
7434615
3613912
6751646
15852079
39873626
9515880
17556913
40156321
44951561
8313799
20915849
1769175
23878585
12439253
33100281
5145295
33935656
11539081
4574981
27385240
13219021
9051769
22667910
11878777
47948041
12275601
6896241
10499872
51360611
8528100
13920947
14580073
15425018
19341972
9101733
34133705
4538431
8810887
2779349
20557819
6235649
6765153
19520593
47239126
28973101
12742108
7553625
66619729
42542355
13753081
9180865
60857993
20372473
21176247
1045571
4531478
6683416
21159867
3283329
8587888
11298405
50549581
67653863
1701631
17647801
1888524
5284901
9085896
4858244
40392739
15723121
7631586
2866762
4811793
1376575
6390513
28571401
5581213
28481873
95522141
30818572
8290407
12991051
6023701
15337785
3812593
6744074
39859121
5918221
23957641
1123041
4711752
14441481
50440411
20650904
11835649
2626141
7177629
13616967
8113249
40873825
8616466
16015913
15033985
35927188
2402323
2542311
7094305
25893757
33929281
5361155
20527059
8830501
13141442
65993460
20401981
33028774
32919349
53728876
22421411
7760841
68972905
3392641
7438753
27008441
14839111
8637301
12236581
9303421
1602897
6810301
8249857
5062981
34316321
12781987
13057201
29676450
22906909
4411800
8998908
55483286
104538001
2909518
14711905
8208058
41747575
15236551
5115421
19328512
8271499
7297409
2631238
20810241
6111535
3997351
2287572
76816721
91312975
13215931
10193555
46769465
74614941
32786209
6320574
3146311
17626841
33516721
34422619
3919363
55213176
25364505
9054263
8680101
18785409
24841423
7172114
13268425
3661417
4312945
11178168
17974616
8756388
16557537
22130189
3891885
12600121
91908256
11922462
17057125
41131953
15714016
75894001
48289489
41520661
26534971
61064801
1509001
751246
34613140
16481041
21615201
20334726
69511041
6128977
28931601
22683225
4769857
8281801
16450201
66698776
5399031
19169801
8217015
10034326
23510882
48921817
7172641
5601708
10905988
6536977
4385151
7304914
2430225
45303733
1935703
38662119
9051071
34228523
6474769
7701855
51594133
7309451
44421177
9604567
14818489
46874701
8088043
10828702
6031920
11697415
20614754
16750273
24973349
74725201
13052271
47387501
31595317
23825907
9934728
15169985
20197885
22019686
5386201
61458485
38421685
62531585
600913
18187177
10206073
3408879
34058500
1436501
16623171
39863361
4146169
18489241
5250027
7991791
17811517
23997906
54804751
5073069
51789376
18361609
16560721
20693835
12079441
8973121
13834161
4563889
5695153
10265473
23368867
5290531
8289560
12410149
48117889
76436760
28740783
11449866
16734215
19364877
5982052
9374926
69588801
9811801
23573985
48261065
3124001
55633735
3463615
8872559
333971
40572853
9269701
6648969
5571603
3152171
13968946
3276986
4711752
10490386
9864109
59423806
18673337
52627417
4188751
3217195
10813571
8700949
60154501
23437816
835473
90307585
13597931
36681583
75493867
8322877
77872435
4023543
6885415
16387129
42852223
30056093
59269729
11373993
5875201
2209960
19236936
12725608
11502187
33284959
26315521
9852547
80860443
25243297
1578643
9963417
5361155
34880860
4545454
14107672
14148421
6301684
3276986
13340161
50884707
26695317
28178881
8285483
6896459
10533227
16516501
29586925
44786597
2651941
12741681
22205489
307516
17652475
3511691
13686001
8277649
9468291
3280733
3709161
2191531
12088515
6509920
44404816
22500001
28404649
13579089
7257889
1484251
8986681
14818051
6383455
8386951
32126401
12832646
2267737
44497297
37672720
29257703
2852501
20972499
2729739
5091181
913711
19515935
3792195
5484405
7333285
10345651
29720626
9321790
22754561
49797761
21336847
5084061
11435803
1341831
20835619
7771181
28042065
8834431
14569193
41605797
25056010
36696129
3559903
21291936
61455538
17990335
13555216
28634548
3428619
11605342
29106307
7340307
12244147
43402074
5936684
15716551
5277077
13575660
18738369
23463834
15446428
4356001
1745227
51291705
12877201
2343133
4319809
29933807
27582179
13092806
34953926
43340701
19499621
3467083
46923661
8203584
13839121
11817226
48309575
67815260
15776813
49494277
4622771
18882526
9374569
9032753
30175521
21343825
14511121
22340424
17522677
3038921
55140707
22613077
6895473
5516551
2836009
1414673
12239405
19585545
5213221
5693029
5214781
9527233
10647206
6446473
73650501
46646666
8674829
19538951
3424861
12554917
8316313
6528383
7683544
28178838
14767093
34610356
34077930
26953539
25171972
36633313
3082885
28851755
18965341
28402025
4453913
18458317
6783033
29797213
6035027
29702357
94892537
5092321
43619741
10163089
5388211
21907491
4753697
31096159
67675946
3296385
28103251
6192007
5528903
10675523
7848126
14534479
20788813
8618321
36737169
80083651
525541
15904846
10542853
9904321
3978745
21586254
32631199
7735289
26887967
17660336
12009841
16128861
35947601
9000325
38004553
9147841
8196361
383299
15910245
4665431
7939893
6854669
3278809
26214511
15605749
1680721
14178796
2018901
6959521
17411216
2810213
47845439
2315713
29608549
24854587
17817561
9662808
2147937
34858161
39117205
13558380
51066159
28853837
28016140
8765185
14234689
37789921
8406883
54402195
6973183
26068492
6235649
13409929
23018834
18265780
7320601
20909287
3882154
83331809
21822445
47303061
7218199
51453016
6439057
13121242
4057537
30958735
2287125
32111281
3852402
83855980
41131953
12536484
4340779
4237091
746359
3527089
9750592
75957001
39678871
7617733
63593004
7335853
10104641
31472721
21217286
38026517
5956926
18186053
13915951
17029025
19090333
2112251
4180366
23846274
6075506
6343246
10369381
10031361
89820266
4215901
63521281
27057691
15905299
66364509
55926241
27394141
69496155
11904818
50699663
9997501
26843065
55880807
19580185
6792913
4331893
1194751
21008608
9406876
3581187
5937361
10035523
29517671
16422986
15183908
5516551
29989389
7256705
14990464
17347573
16597713
9502305
12428956
9857588
70660871
18616605
27048259
51618133
7072577
4606525
278065
6787838
35191877
3394409
9973429
5698897
33127854
3231423
9747096
2787578
3217195
4668769
50362993
3034319
4410718
23024689
6480197
21924430
20688073
6653296
32829778
5989110
5955980
13974247
33239254
8406883
6941386
2820931
14276561
36171759
16267301
7622897
4410726
8389035
16661608
14843602
24234296
22198023
52487235
1014761
9809359
9856783
9028057
42323597
8594422
30127433
10550251
38676265
5348074
43691239
4015453
50583413
7682689
15498637
23404811
16961673
10185033
4186997
6303913
2233845
73943416
10011013
11109911
92925041
7720529
35931043
3460535
5972430
85749836
27303809
17949721
94276705
84748399
19757469
31110563
15347806
3347794
3099181
6610031
41561961
10440235
14836053
14112097
24412761
25938241
7878684
8637329
6764278
8045764
14062621
32630423
11129521
33560187
24232878
7910585
13657183
12508443
13741687
17674440
2137577
9244858
11675250
50257403
27846667
23905578
10532281
21258609
11311481
22455741
25161787
41166841
24046009
6257241
36089630
27589393
41836951
10557579
38790695
18889201
2935765
6163969
567073
14245555
7433278
2466441
2251876
2029096
4538431
7259123
1499979
24500145
35688261
32960412
5757207
25030969
25845251
25198553
31430428
1783601
30754646
20414593
44364601
15902734
3285181
12153799
2686039
3856930
21081616
16032448
2677141
43291559
69333513
2990746
51180679
20641601
25234177
46184191
77948956
20508595
14060701
4491469
8461945
4491469
22936681
13314335
6536977
19513607
13749193
19142149
26327141
11046962
7932421
3446981
19931641
1719329
56687340
3445186
15389393
13829281
28356569
10899769
45008300
4094049
9794275
25169131
32829001
35492275
5873232
8912191
48475873
11580347
5842591
48153504
5773951
29738434
17959138
11359707
22567081
1730280
3530561
4773343
13784171
28712125
7514713
25139413
13697937
43910853
7519069
16202026
15214801
11433311
7850781
12240638
45922801
58872301
49802193
8303861
6995884
14185912
10413293
7448964
4809851
37957417
45347934
953065
6555031
37833250
26191441
14619707
1018026
4545454
51409259
8987741
16347403
10804585
23287201
6043661
45610831
30951831
23257257
2646917
23368867
31484106
21630357
2508769
54300351
7297409
31711954
6071889
25161787
12084801
17647617
4171833
21025972
24402821
10031361
5580466
9133736
29538555
3149049
6011526
28265324
4957576
7687660
6044021
28268258
32804508
10342631
1604296
2339560
35836082
21947761
21363967
14475385
7302113
3209701
14455101
8905843
33100281
4579669
11288705
2337126
10613870
7576194
30773497
13681139
4613761
7312579
12020405
31823251
15291729
4296322
18585841
8540617
9282326
1484343
15177261
3056791
17347273
76395641
35022221
9176703
61152389
17749009
8808041
80086033
63641786
8880796
41354001
17758161
5482193
15505050
10332750
7610006
13559976
10412694
21372595
47397586
9469808
3681985
23163481
8284337
6775641
23982883
13257441
3993001
9998017
18292167
11067274
24610486
12243575
7358591
6568346
15577081
21848833
30844045
3255001
25910057
8274241
9105401
48224949
27057633
38221429
4146472
40757266
21081616
6558161
8587888
43679251
71253131
8560021
4068659
27703915
6464956
93353393
11580347
9366302
56612003
1661336
16318609
13685311
62627428
10638405
5323753
4729385
2147484
5206481
30377617
7523767
5566276
9694451
2091937
52407873
39505987
6078277
5501413
19133128
14697821
4308003
48101526
37838927
14910689
6873895
71552785
8672686
6032196
44954446
17137714
17422273
23848453
3010897
14777099
20618846
65071701
21646549
2363221
125301
28082170
5676517
21375969
71901001
14179153
13204165
3046983
50379993
2916793
2796443
9950426
10952348
54655825
20789562
11521301
43773601
9874757
8728633
8905843
39955521
9694451
37273061
4739226
58489795
19049689
7916731
16471586
8598850
20334726
40053403
17165539
31050469
4787905
816657
11622011
10970437
15379701
15505050
1985551
24721921
15790300
24303295
12702121
10442881
20856881
25313732
35017249
20051380
11197117
14062621
3401095
5399667
5444840
6783033
23289341
22552609
24273250
8906908
25639741
18526355
48184705
2681876
6634339
13774839
10946017
15483969
3463615
41409343
8880796
74397359
9572861
7611121
71253131
59533013
10728481
4970918
9014685
14520321
9097846
7878541
9153547
83193055
9627521
83432889
11521301
7796853
24120336
12145726
650992
38134045
8767037
4865826
32541421
5632225
4407129
14406185
90539931
18375793
3910492
12218194
13478807
10982011
10652923
70772089
13340684
25048929
8722864
5429341
54349117
32527867
23300609
2693849
1082457
48503713
3513537
12947089
33486337
16682421
15369223
18904678
37437958
56052885
4032759
17866031
3269939
5250027
75808367
70553717
70660871
22702201
4909406
11328799
5480973
18973760
8140561
3174953
25160545
311349
23249629
25358243
22803841
7839239
20599464
5215457
1303401
34774807
20268812
7191607
9445921
1102853
16160607
20311349
43212221
2184351
16064929
4535921
10401865
38190405
22445281
33989801
5588945
11849111
57682351
24788202
3325693
8834431
4285945
18272881
15783184
5795791
4689793
4399033
1779201
5059258
3165721
8879779
96690153
46486131
38308296
12384673
6257777
39478881
21343045
22521241
23093491
11755291
10120327
3373825
21381057
7925994
57588940
12170662
24290905
13009771
16216249
12777565
48544156
11407636
17942765
6509920
12657340
7365001
7042995
65347749
6011526
4287265
19525141
84867073
8023893
5243737
17509781
28736896
39072105
20601956
40217453
9544735
16672411
19479877
32967565
5658041
14126822
4211155
16832596
748861
12493918
5176559
30190001
6783913
5722273
26299564
18480829
9998679
9475281
29674151
13724929
11011295
34944886
8280305
5885495
67523457
9148901
31028221
24945845
8324309
7730037
24694531
25852491
24997861
29569393
60709329
6681856
4611601
61214383
5560569
15796287
14662831
29609545
11685633
28036789
53348161
50544881
26471500
20682622
5236645
2262901
7599578
47641309
73692424
7476601
10384258
38229057
10536737
9981335
39688174
5978962
20462401
13713927
17543335
7865729
1466641
81742143
60879421
18297521
13583893
56051747
11131329
11312137
9035351
3768781
12435424
29282341
17037833
10703017
14442997
3523591
19829569
83879672
12034917
19479846
9144932
4358401
1764969
32575159
3028301
9429261
7274089
6316752
1985551
48455481
12725608
42265735
3283329
13630241
29651716
10629481
5817894
48848409
17817661
72881738
1419636
20010142
13523517
75467348
25577989
20682622
4925241
7044901
30163537
40546969
42281357
13479879
11736934
2191531
5484405
40187899
11160898
26327141
6530551
9082057
15339268
32393362
4152241
33091408
17854475
25206707
6268451
42991067
42871405
15146089
83607676
2524033
2291545
31117204
8079851
8066325
14411941
13685311
15363456
43675386
8204545
3778165
4152241
13273153
38930550
26528083
21590447
5875201
36095745
14080730
1232763
9039069
4136257
124866
76507523
15019767
12536484
7450034
20826337
53487736
12464698
3172228
7005111
12906287
3137105
2896268
20191851
2541997
14912265
17951963
2430225
9198346
11116279
22109203
4581464
13441633
8302321
9833913
15092867
8841316
11373993
23081739
25122539
45700416
44265025
25521883
3978745
9262627
3066407
3067681
8354721
459873
3330981
10819821
14818051
6544865
11693767
66495226
8987741
6491712
23517217
37605569
6714881
24598685
30975427
7916077
7872385
18265780
12401149
49015751
16244385
51867113
5226427
15505681
20891167
40939102
3622549
76303111
11027321
3759196
8047768
8477041
1745227
650992
17040609
17165539
8497385
59767275
5164193
10127785
8723937
9963879
2021769
7226842
76198592
6605242
28695409
7755049
5450208
52606057
43297081
5151433
55372991
8373538
17778329
29632161
4220651
4160251
36614161
25875721
10652923
38760415
1263091
15732127
23144561
37339569
25513489
3646477
24777957
4529961
7372325
8001389
42895750
16029127
23930866
47604767
4870363
9753693
13276897
12620471
47322071
25840537
19061879
87037329
10241869
5632225
23407701
1719329
9419488
10699005
12042151
15825437
8822289
25649086
1004173
5731181
13719613
3460321
23124249
65827301
2520961
3268849
14858472
45211854
5118625
3574741
82219527
38555551
14738071
51768809
9032753
11406733
5345182
12138193
1911187
49140285
6613881
4678477
19005568
7977601
3836521
3876628
24132001
27504661
32814031
11084221
3153727
24232481
12742108
54236626
8835211
12592657
6835696
34773649
44077720
4092345
12583749
4070081
9935425
24222785
39649515
85285321
1683001
35812556
60087487
10230130
3156661
6593320
5747333
4909406
41270319
69563789
12691681
1739068
6320574
10839893
4531109
38908411
2686202
21149381
3972937
3024281
21003731
61198705
8331380
37610497
7578341
10050379
4399033
14173034
8435890
24694531
4233795
45698288
3010897
2174878
22662693
30713033
17384446
24851331
2260486
1475401
8927733
37437972
1079173
12572045
10779701
7506881
28311770
27311068
1620382
15448447
17355196
20762799
1479745
3178215
20758101
21679429
24071683
13983255
16389115
21787993
10819821
30086995
40172418
16642471
3355707
3223661
17034529
14978701
7828885
18216433
17151825
37427609
14760961
10945529
40197268
22480183
51072869
27606901
5658649
4963417
31814121
31751889
25219059
4186997
675841
8746769
15496111
8165833
11257678
5462101
2969731
37070125
13859349
677689
746113
33662537
13747721
5937361
14908945
44759702
12876625
4876026
3792195
30322887
10747225
28425229
28674001
24046009
6973183
51420821
24687349
11307034
6497194
4092977
5032045
4156097
16593403
5516551
11479585
6161506
6974521
8533851
29492420
16035028
7136731
64218083
3210015
78741307
34047307
31705057
7420251
14492625
43212221
12055539
554084
16537231
20545780
8514177
5513117
31600801
38439031
17202784
7139578
2093554
6235649
47194747
1968461
4090741
12124236
11880633
7656241
72370397
37856281
6520417
23660241
8039981
15582205
6531773
36624971
14189385
14565701
10940231
17327485
30655909
6818393
12665358
4590575
8585613
1722241
24441545
12623457
6192376
10056069
23661499
2437571
61390639
58003609
4118842
5430559
8906908
66527681
12810133
4208641
1220181
9276901
32534866
10482073
35910637
15825437
55752076
79413529
2165801
64678755
5371189
32128557
6783033
2785926
13408129
16395127
4905231
12877327
12883933
20593684
755401
8404257
6301684
1988706
5593232
17379062
10728481
38546181
10848531
14543287
9463861
6530551
25190739
101478128
24112081
10475618
9926011
5513117
35377681
2515177
4557340
22923156
27832663
11327557
5091181
66677901
15716551
8394913
16184701
29194237
16558937
47187054
6474723
34040116
6520417
11587473
10542853
13742041
8132619
6869104
10190701
70308958
35782185
23046724
55256461
25501633
10328585
4494613
12944076
37736785
68829366
19197235
10040167
20072097
25596145
46858461
5953501
8324309
28153085
24860609
13219021
68660026
15451237
11170627
13121242
7434615
7701855
23311081
2181736
8695501
25550799
22873773
3713425
6320574
3708713
16439879
81267187
22755281
3478934
2812121
53899117
16834885
29728076
66619729
22148624
5752153
8872559
16551291
17425177
15276871
15723121
18035061
6843351
5447765
28673977
28956001
25337235
10490386
8105681
1921025
47109361
8454523
11489521
4851301
23949721
17850113
4491469
6075506
9192023
8298407
10816894
4381378
2399078
23839201
3006708
28803669
18430754
19073251
13070866
12941116
14862033
6806669
8128114
9779267
85172973
7014951
7411867
9526276
27390961
17259646
42948109
9090689
10423081
10035763
15780515
17044567
5768501
6491712
15446428
12218071
11530709
12702331
10965708
40494383
5786870
20174100
1960317
7221422
3530451
5296878
4743001
16290109
8367976
20187512
15188116
23558041
89930277
68900455
18089331
32018017
12836097
3137833
30024385
10928754
7192941
14213761
10954819
23621961
14934259
9746614
34765581
12312761
8393217
11615898
20414593
52828126
7307343
3402618
68714691
7532803
17652475
6806669
80242651
42770893
5388211
86430499
17999016
37476482
14059247
19596417
2691756
7203623
30890819
74821177
14130005
31820671
9346102
15610737
9867401
8201817
17981569
89927050
24240697
1385849
4678477
8533851
46881451
27678729
9759990
17267944
48503713
32027017
3463615
83226287
8247331
15235771
6612401
19436601
5371189
38727343
64345621
66282973
3375002
7959745
61450750
10937748
18198505
43576801
76239333
11881801
9035351
5177172
11213221
8274533
33231381
31135485
16314106
3023361
16860244
15773101
7449256
4215901
12742108
40896065
7514713
49043177
17321277
12786776
2165017
23262801
10087825
2076443
5983125
8299985
5054701
19757935
22918531
7611121
13740427
51731611
50988337
4615025
23590681
25687936
63703693
2763640
15405307
6936217
24985836
5986814
15219751
12688825
1599832
17748248
25845251
19523001
2080811
8136460
20935241
70110049
985033
8869585
14390958
4608992
1049929
72159445
7292185
8747096
6786886
23986029
17647617
7935103
31603201
32894031
8147161
56789824
45337601
7739254
3417865
31400958
17093875
8808041
28664356
13749193
9750592
74672038
12315513
31329658
37164369
1946569
5698897
16601521
49010941
25440255
3611302
7118150
8363233
173071
49620553
59974465
66695257
1126245
9604567
4689793
6293497
29049421
14020776
24411853
18059784
8991439
26305189
18914155
10733878
70735249
5465590
7355065
65170601
46020449
6554145
6586945
59658977
15949217
17531002
7557386
14365393
6156411
18277057
19819801
4668769
53677102
44422871
1551138
10831801
9531887
15381343
62537401
8090881
20369077
4156678
15151401
4310793
26887967
1779680
11885713
1317926
59940910
551323
5062993
45369757
29846369
5064097
12178041
33286096
31611882
8334713
15548737
10428926
45965449
11327557
11179261
31652811
18654889
15453001
8814129
31971481
5633026
58776451
80959951
2526385
1227010
31474165
20037501
64871185
8808041
10582051
4999696
24360727
8407573
14019901
5305873
32180977
23254489
18665809
14619707
5966130
17776123
2556473
15610737
94754725
24072168
7820741
14277893
7703071
23700301
1497978
15993601
55927918
26472424
17981569
16344019
50379993
14765076
8521305
9448111
6433351
2801998
3750779
25883053
16184209
29421246
46433081
36349129
10965708
12763825
3487276
18694423
4931497
3053949
7832443
9025899
71675969
7862866
12100873
81048847
27179785
1170098
4999696
25930409
85608589
23939047
7865729
33676651
2472001
42351013
22827161
20230651
55597876
6518401
9867101
4489441
7910585
28571401
52270109
7927815
26316964
41272761
8682991
15714931
15826926
3296385
43559801
4407129
32449286
87521566
68226033
6977601
52555365
4790017
7333285
6765321
15587791
63237397
10779701
17744001
5283912
11550721
27212643
16668397
432631
9750592
10541886
38409921
45014369
15728709
31258219
7640473
4691965
17409961
27382519
3399537
38869631
1834641
4160251
37939105
23218014
8426587
12886907
14675281
20037501
25147931
11405601
4114727
8371481
20846299
10104508
84305534
21343825
23618065
6680598
33812201
34409054
4999696
5110269
16354441
3280825
66365177
22348111
14072801
10412694
11939731
26537986
6762904
3824269
32918763
57647593
22638081
11491147
41012319
1906468
5277077
11846015
9336724
4038497
19049689
33983741
12877327
5824131
18087939
10629481
60181885
12070682
63321746
18172309
23409409
6320574
4333430
4603645
2323369
12623457
2439004
12071692
69128537
36655257
48883465
10185959
29856601
21948796
10211851
63788257
42135553
7713033
5937361
7031521
16417369
4764264
9460606
4116227
39186217
68030617
5878841
10454193
5800693
58767457
11577272
8374003
5516551
166351
8872559
5248465
13955476
8431983
43315343
40394173
23176577
2997897
17815169
11918245
34059758
382666
14097917
8840041
18271424
1675202
64662048
16175971
13301425
13553043
12527875
41710777
34452793
32453521
21021007
19438827
9460606
12145726
59273351
15993381
19970401
32336281
11802523
21267505
2558676
18239763
5420269
7376238
27413401
4240700
22623833
6804610
67156461
13109219
3996961
36146643
1493825
6398631
15978817
8986681
1430837
6762904
51156769
5202283
17165539
7333810
23825907
4520901
7760841
21011986
9153547
3209701
7554645
3061705
56017345
2976751
81264371
58509881
7472025
42527036
6822037
7195147
62298931
44996876
18481377
4579669
5100551
9016815
11616173
19007248
24517651
14215697
21779466
11123866
4065265
1353939
1813593
2526385
3202261
17721931
32000921
74899111
28486683
61288382
8987153
7391115
11802305
24974145
13109219
28646143
15647959
13602066
15856489
24144953
6476955
57636937
34359231
4022881
18387151
14139721
49521649
24854353
9830047
11705989
81117943
4339457
81480952
14143459
27986809
13757041
10243521
6917617
6131121
4312945
2760577
14275545
7895937
5577755
9451975
2048353
19439617
7996289
5922934
27113416
7014951
13899523
4790017
66835126
5030215
27599691
6730361
28729435
36756825
6989641
6745117
50756721
32883852
15631176
16040908
7021868
8431983
85389193
24420868
8450338
1897419
57788881
66736538
1435750
9006885
11939731
7584226
22432081
7473551
27582179
26399394
3952126
21362727
13661385
74632111
14885101
23706919
8647021
3394409
32284235
7299801
15579811
3613912
3622549
24119481
58440693
78722331
5442109
18104681
21822445
68030617
21076441
36590401
10887913
50911788
3136641
8412003
55199313
7534801
84567249
12510976
6023701
4615025
10884797
8210015
7388834
8005897
10779379
60992797
6528383
56654909
10009644
4411092
2751566
5125981
23439261
7908901
11231123
36748297
6941386
5638855
2516788
21041965
33816658
23300609
25457341
43505026
16808874
20296436
2935765
58885751
11195351
4810394
24133383
8945161
34243526
34452793
6573488
33461527
5170894
24079485
33243373
13697937
25237109
72904777
25971135
10532281
11354846
37992540
33627825
1837699
10861801
52803479
9363647
11704069
10542853
41919327
32095181
48942308
17131569
836636
97020694
3952845
36142257
3871105
28866157
75028436
16623331
15245523
13519622
61152389
7450081
11982007
15723121
3174419
80649973
29774986
7094274
7759662
7108025
70811217
1330501
4644705
9406876
8735661
1727937
5657112
21035570
7599578
3255001
9460606
37211178
17949721
11183801
62617424
6683416
6293152
6955201
9693701
39462305
7806081
15151401
16795469
37228353
45429861
6739630
15429569
33235633
20022969
7959297
4778311
47647433
18991100
13687102
25744751
6803452
19641735
29306990
17933367
8233211
76114076
33809337
31908416
15836385
3157001
27583579
6936217
7433278
10312761
19803961
7613332
15480001
14744536
10645441
11928296
4079149
22647310
9451975
13278871
26059961
15776179
4679251
22882688
7494969
18077131
1934659
3416686
24809713
8334713
18110095
62559379
29746729
2812121
8708155
19154955
15161612
2013533
9271051
80688297
14905243
23359011
34320553
23660241
5453083
5719715
20823445
11359707
8461945
9166233
3401095
18277057
43697017
22389021
39244756
22659536
20958791
13185001
5993572
7735289
6728757
29426689
8573126
38775199
62644726
8193508
33362187
5118625
74214685
60878237
16990953
59224155
1376173
24801064
8797569
2240309
49727504
56892254
25111381
35324785
1161212
67444651
21343045
17149601
2043837
36940681
2984300
99545677
317989
35688261
6789121
13262145
24854761
11482707
61149213
26013001
10579054
3592450
25895333
12740861
17065953
7734763
7851156
5054701
16457121
6088382
23660241
3679547
8367359
35424751
81246316
4022881
6080452
17652475
10454919
6060241
33960873
52135261
8461945
13383547
4246442
42210321
14758381
16732051
8065597
44924641
5577755
12491501
5076433
17776123
31820671
6566291
3827223
33243373
21347159
57201341
11502187
10455038
6869104
9198346
6928077
11961841
5112865
12607601
5419051
5624951
12707899
12463523
15293270
5655445
25764946
3199561
48346670
15207421
33795378
6977601
5775841
10530220
14889889
77557789
7185658
16002932
15772747
10398961
15630297
6531773
26678501
5366285
15701320
15620310
6536977
64807583
33243373
5499721
3883294
44224705
18469063
6605242
50499073
5081211
15223585
46146667
1317926
29341511
8371481
39873626
14080730
50888575
3093777
38788961
7622897
15546554
11220553
7617733
898587
21090281
2147484
3127912
80056709
99367435
12410149
1116081
3250629
5167279
17245018
11605342
15131346
5597513
1068742
7411159
2833679
10991361
37538207
17823191
37378058
56497987
7742029
4202961
11910861
5363836
25573395
9572861
4092345
8088043
71645230
12370139
48167785
73863010
2577405
36089630
6856760
15553825
2953595
14945061
48140561
5316451
90361921
2104125
980477
380809
12366406
28703011
4553126
12374881
11547217
14346556
8123724
8919406
95500247
15611237
30586687
17125189
36826305
5345182
54825223
12687559
7250609
9316096
2141245
17536453
24390457
4267186
9806125
2342152
4169198
81347455
53824555
1719759
5248465
12227251
4160251
8660185
80055496
22729081
23930866
4079149
16782533
29083495
56538705
25284989
10983292
9651455
26986447
12657340
53279956
4540446
12507755
43002913
52725569
47948041
36035080
7005801
26451841
28897607
7711826
68834653
39174426
20756179
23404487
14567680
3996798
5700067
35599351
47165311
16535667
17340753
6128977
564801
8449526
11592113
15921291
7927815
18543493
40384657
16770300
3897946
4292923
4183048
30811289
33403033
11347048
31022965
11716185
18717511
31495015
3156141
25875721
21021007
39598186
50424661
20782789
17184244
47526186
24851331
9370266
62307746
13718065
7163744
14682088
35723439
48136097
21006913
18806529
31135485
17572853
8602441
37876021
10816471
16299116
31263817
1312744
33475126
33643201
20347314
17435971
31027697
9122926
15674205
37605569
4243345
7439101
8782121
3611575
23517217
10497726
58726969
81836761
5091181
51936393
6671842
2016001
4849036
8575876
8227849
3247219
7052911
2656018
42577348
815671
902111
46970299
45160858
2827817
60936703
1497978
12091613
2087977
1523068
14518576
10958594
35800172
75389293
45223735
31215233
3663178
13618807
5266991
2810601
11160898
5430559
7443217
54260305
25321101
14752777
7877386
17491981
26301211
17356501
8616883
11849111
5380127
26414763
24252211
5249585
5000033
48627117
4478761
19574701
28813961
15531569
3761129
14784828
5170501
56334314
2588801
4855657
12030985
67750172
6094081
5694301
6023701
12657340
17780665
15268211
6577501
3012466
12138193
6192376
17990335
10906267
1375441
22284327
2902516
62111923
12153799
1080266
9526246
9950426
2132086
2291545
6898549
21075121
6169801
11943046
2382415
28010767
3202261
10299251
262063
8636009
26471500
8973121
5482126
15765185
12226893
3268849
27051781
3133455
11476991
19913102
23517217
27197221
45761891
10654225
7532803
17283293
22759776
13189057
30267569
40653973
17042665
10638405
19142149
20766257
40939102
43766561
3185441
9215377
34894322
17187325
9267271
12151867
21159867
19207175
51018657
16727425
10185033
1519174
23828637
15517591
19772259
12245388
12901747
5827601
28040974
25043161
8160421
11285593
4838509
9874757
30323242
1061585
43748485
87422569
14565773
5692975
4092683
6653296
30186934
32027136
2395342
4128630
1168255
7680401
19970401
5460411
39103221
3641872
31848070
21992257
51632611
27906481
7727854
15092969
3505609
7611121
42373969
11241948
3019772
3419417
69411651
28801807
18482707
8398381
67938476
24473065
30905932
23981266
6220696
8402269
66430161
1467711
10654225
17473873
20927341
3699393
746113
9891415
6535429
5170180
39772435
5719857
15355459
28952463
829795
13447169
34040116
16778686
4594591
32094111
20390651
3898336
8694155
5103359
43018389
30519574
2313106
4054781
19440031
8885201
12153055
15640847
26655157
24425538
25764369
26013001
4531536
12599711
66378853
3478934
20452807
9030895
3802955
37256855
15794933
26533086
21779466
19620671
21734051
31982689
34845380
6749841
33369625
28098237
9525715
5045734
4692865
4118042
13712897
5419051
13182626
342195
4217329
31919377
55926256
15910245
7554047
10191981
525977
4225936
6542019
18973760
19368373
7367647
12021049
7360585
14332276
53161517
12229009
24241784
101366956
35982233
4216101
21477001
1055557
4345501
8418019
21445839
5285953
6748751
8005897
12049425
60661126
10827001
9419488
26909181
13148191
12133921
7275229
3466841
8782121
5076189
6286276
8261849
29954191
11224305
4704557
18355701
7364062
27724791
12520373
19131148
41896366
28105367
5773951
7590211
17029025
50610741
4489441
24226489
38404081
18744571
5507449
27337441
32193986
43104209
1699533
17903637
21296998
6874726
12387740
1201649
3336857
6485647
20186721
10342631
57426331
20918773
31061311
11456371
24247948
5804488
4993895
29665591
4225936
14447887
20972953
38706529
4346619
34368525
26748401
2303405
8274223
56673271
27968373
15531569
4867601
12497553
7976137
10190701
70548241
5296878
9463861
17942765
23208065
10031841
43110717
4465476
6419944
5343841
53112573
15865571
20653501
4535461
34198264
12213271
7810657
11482707
14338465
15192006
11616173
30211651
34241481
4299805
4283281
9970858
53349910
10188658
29920055
2222351
53633539
1146223
9044933
11456371
4176769
3275737
89199813
17282883
9607251
7318261
2582791
14338465
34664239
5791611
20918773
7628504
33968838
6013753
1642746
12536321
6507725
14701555
32234957
32049061
10134941
101478128
7191607
11298801
4293241
35973401
65741551
8444001
4946397
38539181
17662051
5195450
14778846
56345857
2342705
40949881
14777099
13521904
4444203
19258327
6237297
5219017
21316015
19294273
5656561
62194329
41730901
6603649
8537565
31211251
10130329
33913153
6163969
49799562
5228513
5803253
7682689
9407869
4542673
77848615
29483041
39693430
12944076
3137105
17243689
12148449
35733984
15064081
15754105
28340095
58467436
3613912
69337530
5239315
11996601
8922381
12786776
527920
7226301
74779863
13675257
61700873
6387898
8426587
22811617
2944921
8291823
8289560
35545114
2461229
60876964
41914279
4427363
8533603
19217576
6656385
59207937
76659815
5809726
7944877
15299049
59926065
11414473
13834161
9374926
24974145
6880785
39808936
17034529
9846097
5284901
39787831
37843849
17184244
30377023
11020351
21848578
39452401
4483801
33983741
69930433
5645589
21291936
27265789
