25530055
17863431
12939939
45674200
22279135
5366971
4410088
32095682
45797753
80897321
868826
7590003
36877063
12786649
1148247
5002117
47015935
12012121
6907676
11698126
14231893
5118113
6377321
41798231
19900705
9878556
4273703
29802460
22362445
3347366
6592957
2337077
14050609
4137705
9800246
14093891
3783181
15791301
28782997
57435181
3473326
61211881
9343654
8079464
72991601
30282101
6280470
6681997
12428705
5249525
2784961
12376567
6642149
12031041
21607409
8561356
12354265
31268749
7084116
9696881
2112280
74310749
6264985
56510889
47021491
1978931
1904457
943426
47344627
14023941
3528181
15093891
67531312
10045442
26501839
10981075
66015192
46008031
5553775
13355001
22611070
30714307
69614229
26676298
9571257
4996535
1253389
14314301
24712211
17042389
6001056
4180785
37060815
28316651
3780841
80686747
11369177
3638536
4315897
29018977
22730709
9123457
23802252
30423420
16457546
5323981
5177121
48323293
10527013
14857701
835801
4832892
7586521
2339373
9204237
16415987
16256001
27772428
5589529
12278575
26755876
17246610
19410147
16412089
22404309
19160285
22758033
9596581
8768992
15397183
20786548
2535851
9138916
26400431
9852921
27915235
4974263
26685881
4156309
4073525
21708803
24110945
1286151
6707074
35677717
7565909
2284257
29087057
84826057
1500643
42813259
14869777
798069
26283412
8777097
33204129
7977321
2005521
9476329
46011512
29128477
1033979
3499153
14710739
48997289
23397169
8732515
9998265
29994274
2335447
15834817
6759479
30373663
44827993
4644707
10921837
68568721
39275299
14023941
4914834
10647701
19337916
8951561
8937129
4727453
9072292
15871721
18097729
26976657
43893711
20321665
12420089
17436601
22493725
3070550
3817001
29809355
41884855
10646014
37016175
47190421
35106787
16966369
42160681
23402149
10064569
14415559
20221281
7864598
44997603
18182152
6143841
8616931
2522612
4631628
7819657
7021303
21495545
3867319
2239537
16979545
11170123
50316451
10326408
18697825
5152921
73491172
39189359
12808011
9127721
7172283
3813241
40965601
60489127
7010251
4138729
14514111
10009327
43086905
12679201
14638021
13141710
51733966
42251305
7345873
13355001
40592742
1743201
47911597
17503251
4922806
8366736
21365359
15433252
17574811
38340060
15494500
2619123
8088571
2859119
6795496
3724381
8280883
29810376
10089601
10600908
18258439
61185741
5107774
21607409
7068083
78307901
16697299
33250103
7538833
16479838
19890599
33034000
10074601
50501093
7373395
8215901
19019294
21216427
12705421
34602001
60301201
25181489
11761625
15986758
22036169
2029993
17650443
2112280
27626509
9894593
21282086
58631326
2655753
10574679
28903183
13263576
6458861
6576627
26684648
9344521
7763113
34580113
9435819
22808743
33534313
15845225
8133283
15176890
7837001
9623953
13895357
5552281
4641373
16071376
6025081
9224945
14256023
59699605
4244401
4049935
13736163
49533381
1011973
17607400
6927138
5497937
12705503
8112831
79335937
12576016
35304193
11406033
10039951
6633957
2316163
10354961
13462846
3465791
7756757
20893459
57904234
4618784
15404293
4395931
89056588
11721009
9159924
4766073
53407721
4395169
37065169
7579153
18234152
15783313
27712169
8450025
5239460
9051145
42502279
4996535
52833322
8366736
83286952
2643061
50038660
9451876
31924675
16825696
22781881
31677257
46415881
36275193
38095228
44461036
8767669
11573509
1975906
3522265
3763849
26295465
53896993
79551023
4273703
1935126
15123774
4284491
38060677
39099610
693761
7162156
20769954
21274557
19134249
9782201
60668809
3229521
17141626
14147321
2589895
4449082
3647621
40900748
31703981
7598081
12434039
26061517
19232746
3531451
34683711
7217665
4521367
47655265
30732185
1480149
64041881
24791209
5422579
2060696
14711511
462001
11663104
20024487
9507856
25935031
1340671
10211585
29043197
5147731
13047490
36999106
1382645
14963677
58604701
26120736
24211615
12567611
5794897
12909384
21424481
8366736
2186010
2804461
6906469
194577
20465677
36237073
6961235
11542816
8968191
9397417
21597301
41543494
12617801
30655418
8283859
24325799
13818037
54292145
10205401
6146457
3683821
76224506
61471057
54421601
848023
51713560
17247983
22576751
3507685
6148177
30000501
6126631
50744185
3471201
23735736
24458666
3683162
6300001
34583989
9893545
24350841
12144763
14809433
7556263
15390857
9451876
20742765
2880577
1978931
8957136
45993589
34258426
52090579
49677313
2288331
5978977
5964016
8047105
16163533
15096460
5856686
5472251
755161
10721677
8194681
5196529
15265459
7469067
14699763
24258705
909665
7518007
20904337
16812885
1987501
21349776
25268893
5893878
32207721
4196011
22915735
28752110
17899057
7088446
3034684
1858923
4073065
37551193
11754535
24071401
24303745
11416870
34852195
84770911
9072292
47204795
29018977
60440150
62204531
10241641
35923005
19869433
5995595
1543809
20119789
7532905
5185801
9056949
12341813
21847449
75325801
38283201
3976743
15517306
22249171
3294659
48932710
81748526
11118791
1866601
32555121
7538833
16296327
5288501
77135542
5914875
4738195
52398999
37179205
8140001
28150269
10921191
8471944
8481228
5278532
15110672
2767619
16285637
33958812
50197891
34657505
19332249
29278609
740632
4917052
26736609
8476216
51195199
14826439
26393841
19111682
16249891
4819499
27859461
17769269
32305505
6681997
8308851
3671041
75001525
64562694
36031297
19352475
25795976
13369729
26196361
26237641
4406221
11515041
301076
11475003
3531451
810937
41511586
8273364
6411461
6536731
4309611
4273703
19319396
80384359
3264293
1581670
7704129
4370740
3836773
4766329
1639017
28792765
7645237
35384175
12782981
11475121
67094721
3000961
3469061
3803649
3818923
11443603
21646093
82012933
4359513
42166697
11374242
2724277
5318881
12325427
5217655
22209217
8472301
4210274
36386065
13463503
9403041
11596025
39738205
12527191
7624420
12618909
16395961
40887055
18650423
12679201
33586633
15363415
29407437
23781011
44643131
13942216
12766461
18388349
31815883
4718465
6807701
17260373
9801043
11439209
1571377
1935126
10089601
12836947
1529753
6113527
8610001
9320605
2754757
24939097
6722514
38436970
18343481
7578988
3667921
33961876
15144781
12419173
41976415
36326677
302033
3607570
16723909
6916271
10045182
34735078
9782201
2903503
3428337
8022785
35707981
3512853
62206381
19574059
47093946
4516357
8865781
29084101
7606309
2489345
11055843
9719086
12016565
9827021
12278575
4766073
9350755
43022071
5973067
8825565
15252841
34937974
5497185
18280001
5634051
26758804
35536577
8633582
17741560
26437701
11474794
10287868
8922705
50928427
10819951
6905038
20371789
7345873
26869249
12956989
5712283
3078646
11316904
7984671
14148245
28731718
8495488
14003978
11282448
3851926
7508944
2766247
23868169
88752623
13270053
14335231
8280883
39127440
7732809
32803753
49945855
3074465
15468796
16697071
8696332
3595824
8598394
6453621
35887683
9834211
70499755
8847283
4483110
4345453
4770689
11531301
12972085
15359786
1718011
6195317
7742593
8129221
14485113
5147731
40415641
23851751
36231643
25539032
9569029
52090228
3390001
56586951
75657106
7210561
1849905
17894449
16486817
10525522
13077741
30248193
29848105
32577441
10735363
5661187
5839136
29443093
7508944
11761625
29203274
7088446
38195083
14121449
20257251
15581825
5688544
13919431
3444895
16681420
19352320
4599841
9013114
7811668
10697313
6754546
55068841
10911331
28492861
3507685
6816881
3169976
26537569
19264201
7050814
29695751
22874447
1290403
2800567
5045052
12349877
8672721
8229204
17006457
43749101
18118207
9225742
8351542
44259315
2287195
6477403
20576089
21259371
4490399
22569601
18491201
16469293
17248411
13404805
28696489
19043371
16577406
49467621
83621407
2217415
9002793
12606736
21961281
21510036
27259574
18455984
88122826
3091321
4989230
11149678
12592801
17984961
8791132
56159307
128226
2433377
1467049
3090275
68434185
5406036
12330577
47286301
17085641
14246141
15791301
18333926
5249525
290676
4370740
50140081
18189137
16456001
3845986
30937825
13179531
72767324
19575118
10088301
7804951
10299969
20122945
88605760
7598081
23498049
9044225
43363560
8454261
9320301
39905654
6477403
25105021
37233571
80763301
11303987
4534498
28623453
8747601
1508753
24285625
8079464
1935126
6365164
79662745
69698182
7138934
33072345
41970167
10856401
24674222
6054802
35135121
4319899
11151919
13584366
48656359
14887471
632248
11195189
8307981
25551665
6427643
33286681
27245636
862090
2408708
5699413
10170739
49968925
27826660
32030155
6909466
15448765
8456503
11618641
3362797
12078207
5087076
52549501
26015161
5441164
18008101
25622401
11590669
15443145
25873915
6065791
2526753
73321521
12228245
32752354
14137637
13647876
50092921
34708823
5060221
45318853
10253237
13690356
7038413
20822881
26909857
8294855
31539178
45121681
28842283
15622069
3839557
623151
22529805
10389273
4943562
20287305
11170123
10866697
11656625
34845689
25370248
20706392
38114051
4567291
1321359
3811402
62782537
15451408
8682651
9717031
3506617
14834775
84547417
34328169
34239151
9139651
15597697
55913107
67796053
11179338
22015759
9674570
1593970
3217681
8649026
32123001
22716880
17714173
2379718
12977501
15697151
28553626
17491383
4310626
13618385
3634881
12028171
7532905
25779755
23206173
11132969
25703947
21626809
7335917
29802460
11162542
28704921
4181957
23684575
51797341
28203337
3750001
19909551
2643061
25260509
6133765
11692357
2735209
9036721
5300826
43651747
73807917
47488678
9660046
8769160
33752863
13724722
10912618
15169969
24370853
2805348
1411411
1094086
21354144
18336214
2652826
13463503
12657022
7066866
15666939
17001089
77448583
40108393
16986691
10378105
6525253
26873614
49121481
6753241
31234801
1094086
34304787
51247648
2137334
24648169
4352647
5899921
30078051
40451209
8489807
2652826
6444285
36049391
49511512
22215726
5914875
9906191
4334009
89011887
8986671
25865374
21238465
5887509
17590087
3572441
8443757
4815193
18275365
22557233
22298119
18644401
29521336
8366065
35478009
9417799
6674801
44294108
1926677
14573076
19457361
34172106
20288841
10812733
13724722
9117109
47559301
3783181
5074476
11649604
4475626
7541689
6310657
19812937
35885770
6174449
4542569
13063324
19858795
24368653
14150529
21442081
8917800
12835489
28034077
7581755
10317249
11153944
1546801
8158078
20287328
7101769
16635793
13428460
15003913
19764676
2173900
12606736
4974263
18239184
77343001
16204525
5568201
2026922
64807666
69684904
2026922
1776741
13088097
3243745
13205281
13560751
15259011
37267659
9313621
33174584
31247208
9298873
2781025
43970945
82530901
9451651
10690687
2717323
17672806
333453
3682891
75424309
16356089
4826881
18034948
5508163
10690687
95615983
9361819
27926689
7598170
15615511
14047751
23029707
15277609
52539561
2651585
9720180
7763113
4770689
10679537
16204525
17885401
30149146
33000668
2602951
7045291
1361409
56300062
1471304
24809240
69761137
18796232
67893997
12132838
3007311
21303616
4081781
55640475
37836059
19793629
9045601
6195729
19355941
2607349
14635788
66791233
14829527
17399989
18234085
4590307
2661891
13730107
3260209
17895937
16462636
17467098
3514017
18013051
3656843
19026099
25703947
18724707
6481251
11506876
5069251
6006417
8016861
26503351
11564999
10423931
33287209
5552281
3763592
11607741
20771357
25374255
8179501
2218591
3382039
11506859
11324449
42952883
31174625
4488605
8556769
60703255
14970628
27594031
22715226
4256216
27932191
15854593
14518705
2843331
13602205
4644273
24918373
1837521
5087076
7745691
5366971
15824480
11068947
25753331
11542816
2997968
2886445
14016535
13690356
16712326
6681997
4271259
3071717
19359937
5242249
53729281
14245474
23333553
8264823
52539561
9762089
48180415
8492576
10494521
29035633
9769780
9684771
17404933
4910561
22312351
7867861
9858654
6503206
8239001
7828705
34166266
6927138
3765953
49257997
13026553
19005185
19205149
35887620
17155918
15468796
45810619
7345873
3195501
6628553
8633582
7817041
5514895
31675739
19639586
57889291
8528457
7446510
17213473
28178129
28382826
9086476
6364131
8903816
16130336
3741871
600416
21136116
59816537
39277837
6410977
43067116
21970845
8601909
38756611
32359201
3671257
11438126
40345513
24637001
1743337
18754417
25066351
5312231
34910929
1846321
97626655
9364451
33367516
10786537
32472619
7847233
28132523
13441110
12003276
27394801
32082237
5375409
19264201
23540437
4515521
28256497
1116969
20695010
5688544
8035258
4885276
25784415
6365164
38411151
2573121
2837341
1184547
7282073
7708815
8262491
20045455
21298957
11316904
5627428
18410982
11599282
13669426
29809865
15017473
10587217
15706549
14756239
7319521
16697071
15613569
10413261
16540609
4870195
6980788
25870604
16157073
75153069
1207406
11918031
50751681
45816961
3288451
4181957
31664513
2964241
25527079
17412171
6609618
20555116
8454031
8895056
8981463
47296549
19783361
47951365
17045386
10622085
3788775
29834785
63327364
20199991
1228431
7813261
11189109
7068083
4842097
12118087
8601909
26318964
19030895
36972101
441545
10006767
10952605
22668745
2303275
3229521
52414436
95762647
39786313
4541556
3656843
2553008
16841791
19235131
32886691
38682631
18212041
18627636
15985461
2282500
11649604
1933615
5470009
43277649
25919875
22154958
37650449
30031525
35316726
35272651
7128460
31288769
4568775
12760777
35703833
16623231
12669561
28836204
57933985
76260124
3217306
6272237
38634161
35334517
41402026
2100431
13184614
85414704
9807106
9266664
18317503
4107538
7982131
6485452
19660785
6996291
831865
16070401
3780546
37723214
8761201
16689789
7508944
67298811
6633957
2554096
58787787
16689789
30148449
15042939
2193677
42467041
33383491
6006417
4181101
14407281
3234526
20298361
18374441
15111825
72358651
10114898
25081651
34079101
2841117
7654213
65454691
3323971
6633957
47398510
15515065
4966501
48951141
27594193
4142773
8288911
14304169
10162153
5646415
37741725
13901545
5908753
7483897
14514111
62107011
24468825
8677315
9285739
14342875
16714738
26141025
9266664
8934796
26863669
5687962
34254385
34538867
11126437
11914916
6811201
5232811
11265793
1011973
6860710
32659381
18704721
28266610
14136777
18704721
10799361
3204741
38240413
15327457
6146457
29852859
1862789
27605600
18390091
70748515
26769471
3914443
84074017
4190201
23633345
58386241
12417901
24173341
40927181
6402541
6955048
1516781
6832609
18083763
5791668
15142413
60446401
34120885
7075753
10013415
10491157
76858003
3360565
44199133
1926677
6751663
5487525
15503739
2669675
51960907
23856843
7645237
35499465
922411
3607570
6683260
14484149
9854470
5166481
13418841
5003167
5589529
5807991
14923771
13195009
23339251
2598517
7528519
50624057
14610931
16068801
9546405
52744861
8824204
5540198
56557481
7689213
19036425
8812237
26196361
4102165
7027728
15090483
24018625
4638157
34317459
32034633
29417011
17935919
2097330
9199276
13328197
22310081
10974721
10207453
57861772
2536051
15845225
9477582
3734853
28792765
29774914
18406108
29906241
12656566
12728773
18269791
8347483
7710913
38247769
9050133
1474579
9834211
7383994
25615360
49607671
36341481
12340336
48050569
40635862
3585812
75908847
45422791
17346569
8615377
6195729
17863431
2339373
9653806
22272613
25659809
21708851
301201
35060041
8601909
13117791
2820019
46331623
33905521
31319848
11377089
27527351
1423931
15019911
36383370
47468490
10557639
8979937
41888945
31174625
12554101
1077537
18932831
4056809
26479201
54317143
3071717
3582802
13234637
355186
11475121
2252314
8441151
16500826
19279759
17475532
9621916
6386141
18370561
5427013
50715361
11264680
6225281
46211293
9205741
82342961
41878341
11864251
18878863
16743761
7956486
14633101
11938986
26549663
51423617
8010073
7813261
13300651
7982499
12813655
7181161
65719799
37397425
14998453
4441825
10585225
4204509
26933781
17593966
13602205
23260065
67145893
16103855
3107140
15142413
13510467
10342648
25728528
11356957
19494111
183419
16981505
10203151
43512303
31452833
40503113
19005185
6457551
4009061
45341211
10698172
29393794
13355001
43768591
5800501
20501601
19786187
5869195
40957201
5926395
4935507
36156037
27194329
7586481
8314801
11769292
1520926
16362721
31152960
81076077
7338080
6473601
24121756
15726643
9737209
19811611
13942216
20553289
52846166
2135761
20518129
7188369
7724920
8889973
27754651
7512161
16563682
3780841
3432781
3486633
39265150
20619646
7438837
19689961
31910761
4954489
12751246
42679981
24604849
5608900
56799601
5107774
29536414
13462925
15876524
10605695
12135113
36639461
57190286
5384513
8472113
8393279
12936022
7513411
4679617
17289581
3890521
21520015
11785302
25618566
40478563
17503251
1978271
10735363
8207041
1111643
44796649
4632427
19097226
4268834
7130535
3809976
13301505
15628885
24467908
23899217
2875566
31601821
14736902
15350829
1384540
7438387
40213501
71262925
21245341
6088601
10700011
8804692
53829123
10779181
9846789
11721740
29927310
43648511
871651
29785346
26390179
12042808
44881626
1548562
73162621
6784961
34796071
9561124
15681645
10162871
11342178
35897313
79284489
7392417
5023825
75918581
10308837
12776752
67591169
10203151
45860181
13163717
5703406
15546058
9510845
23424181
74484600
6185357
7773046
50775166
5271796
26765761
14244637
54830575
7227418
9675001
20038173
23915737
20679524
14238019
31632721
3362716
23615660
2903503
50618277
45437914
3045969
10190366
4818034
19489201
13744381
3671257
3232048
38035185
59381051
16626842
7654213
19618561
54569679
7104553
5204641
8087131
71938845
35953677
3535892
2319917
3180100
8010073
7834709
12199617
4697298
12476301
47569967
25385761
85229551
27772428
49534231
9564309
6235601
50775166
9904399
72109146
41894761
2937817
2188133
2889139
477959
19283937
1448173
2728971
15397515
6419785
31629627
93256609
14400267
8388272
2789236
4820827
17134147
17218989
12808011
4475626
2329948
3100435
4669735
19709494
14891009
8178921
30200509
2295653
17055793
6225281
8545615
2721769
13328197
41919513
20740329
24695979
34023484
2957082
25843342
2747914
7229993
6190405
15432881
30119216
6825827
10481021
19484893
17246937
10553425
20977621
534358
14768853
9900601
12459175
63517153
6545846
10491157
25209731
8838901
65393137
4467601
4035961
9067626
5366971
14022177
11492353
19211041
74257093
7173314
75803510
76325311
7995142
27918193
403486
5126241
68357081
21678721
10759046
23290251
60456025
42952883
10203151
13864225
12606736
25855201
6782489
43565166
33918474
20771357
5147731
65487111
969009
12327041
11221561
21293521
9773435
12855393
72689842
3367477
20166121
3820877
9715216
1957385
6930391
67475545
27268801
48530197
13972810
6047739
1983791
7006077
7541689
9674570
4937051
5441164
17921571
13527904
15547929
22540321
6681997
11132815
16285637
8031096
66931111
35440241
41910905
5003881
8618721
8063704
16701244
27883465
18776047
6881090
36775882
4972662
9327627
17039065
4523185
27939633
63315379
3959101
5880701
9500931
8903816
19262217
8616931
78527241
31825431
25654201
12539270
81725227
3191695
47187427
6369846
5120474
49991760
19211581
6308326
77404801
3720289
90525953
6201313
12539270
43690586
13281841
683515
52037481
9782191
7512313
7591413
10531081
17402617
8047105
38776102
8221531
12354265
4608623
28511515
10039951
6611329
68275621
9834211
14006476
22205113
8611215
22355719
11426585
13575340
53493907
24173341
7020713
11135063
45292981
20756881
17799092
862090
62096264
1732025
14342514
8221531
8618611
3180100
6866146
1385965
4313653
16497226
35251819
13006733
3292601
32568403
24523153
6564646
5324687
3301813
28771889
22345885
2178517
10010659
3441569
16093039
12859441
14862545
90634561
18692374
75460621
15741148
5441164
12782981
9245260
17746101
5034913
5677651
10800406
1748246
8612976
1236571
15296441
18129091
9491023
14399365
13068981
11968741
5162779
42319306
7765135
6219183
15212627
21642823
16662079
33125171
3828861
44110591
9337537
7523503
10722471
9821417
57600075
17905262
28064851
66791233
13706161
16802821
10534497
24458226
7982131
14218018
17438804
9187498
20889394
37450597
10270873
22224441
27898561
29037645
1802721
3832501
3950531
4315897
8417804
27076666
20067559
53077909
38825645
33912451
4692409
29245762
1423831
11177491
15633961
551209
4137289
6867433
43325929
11195189
21488993
10563232
43654170
52557137
66215196
22649511
9437655
3442725
5244085
7130535
31881361
14988949
24572713
4644273
9259069
16446226
4081781
44508289
7635895
17440081
14891009
39874180
1635425
24447871
59750451
59950018
48042338
115138
6391817
22892651
46630161
9439489
37174952
42726139
16338424
4907665
18627636
46464086
15719026
6126631
24453081
19283937
9305722
10254721
25855873
2941802
9195385
2809873
4620705
28601161
28224337
4937318
2245363
8592247
34383529
80455614
5077265
80009890
10990970
37788049
7474177
41536909
11268115
24515191
1175816
34523406
4980751
7457209
8416972
16303757
5553775
11799105
64543926
19124851
11132815
11028061
19762513
9946815
42400423
2244157
9471432
6743782
5592679
23760166
17912346
27365535
8123941
4400561
21023965
8285017
27719854
10428265
2148751
1743201
5292761
6034536
49485641
4987291
12062353
31169093
21290725
1793743
7081493
680668
3399610
32753020
8893669
6303829
8010401
20868145
6592957
23781011
18571601
14573755
18333001
5269853
51512824
37181041
4842097
33560587
31980521
29295101
9546405
32105947
1007019
30752107
14051107
4670501
11378889
47308861
5464849
14480607
6295169
5373401
3100435
14271775
18628761
16785788
5656625
31151745
11405980
40779421
33381925
11559755
17320696
8402950
54974501
19188345
1577234
2173900
11489329
505651
1156351
5014447
42545362
15074115
2943449
39007504
65986793
40599343
14374837
25011294
16458355
27061228
2754757
5687962
9636441
32800057
11948647
8010073
2881521
4056809
11251360
66615769
16879551
15797321
39459973
56577739
4142773
9343654
7497222
7906396
14612781
12576016
12340336
3488650
4167867
5375409
28700235
5920080
25197334
7923818
8246279
33779881
12563424
16577406
19030895
12231145
9946815
23333479
14078041
2122345
7654213
4631628
4684601
29962570
10074513
7732919
12936407
1843180
2060696
27477958
2674349
4694809
18706289
71594899
3507841
3389006
58699800
55242551
10646920
2106712
8017297
15859972
26120161
22824789
4960151
36870859
67939787
57528063
73086693
21428824
69722563
18415931
5310865
13281652
4541556
5497937
1847452
7106081
6610297
12042808
41199229
9598837
27461149
21255670
40924313
3691721
29605801
8047105
7479716
60026921
9547329
6368473
56435144
11022693
18795545
4386227
34882565
62883907
8984897
47065297
4916577
655045
2294657
14806813
4516357
6943354
7095175
9030271
8105437
25132561
15235021
10058043
2443897
6859507
5159641
5124295
20462521
10758866
10058335
38155569
12697378
23402149
11189109
3645697
7849989
22274473
8431034
48530197
4069177
7249287
19245297
7021303
11063095
49462739
4445533
16340229
4885276
8649026
2701607
4980751
12514432
65600353
8013281
4673561
25981411
25857495
11058181
1935126
31973911
8747601
20236945
19821067
17102902
8947234
3394017
15564732
24007796
12178351
8990497
26321543
9504106
23310419
12194771
14638021
31811242
8123941
62758599
49094051
10413261
15822407
8052073
6784996
1206733
4738195
33465654
29735729
35500438
23024093
7967647
10178689
29266420
10362601
16113329
19887394
46515897
30318010
8986671
4058401
33717604
1155289
2408708
12574353
17960885
2997176
13814361
15732878
14387051
4534901
29620651
55044937
8987131
26689135
15596911
5660502
12884607
7716025
8692642
14637982
9044225
2659566
5714241
12417901
37356320
15470593
22777247
7636661
8941486
1328382
4644273
8076916
1727328
32164921
42098153
60703255
25840915
9179380
52631521
38461953
9598041
13974985
9515661
6346801
7882087
14254917
6689539
23937522
8408180
3362797
39255583
602581
95926153
40037439
10911331
4199042
7606309
7033368
3724381
13897820
3891695
1208481
17619857
61375201
40100191
24864499
84569761
32840817
8403300
45797753
16816561
1687141
18939505
1786901
23307066
12990585
468161
9753519
6916271
8756371
27337255
15529511
4619846
10540033
5471321
8196598
17263681
56828377
8534398
11656625
8071040
8447076
27540209
34709953
7956486
13573900
6503169
8453701
3640261
15366676
9239980
28423942
6748291
17349475
61939333
38836149
26564566
5511181
19718131
8047105
3588971
27355021
8112507
61375912
59525281
57062448
1175734
8948741
44419751
14993471
48291797
9988881
47892586
177430
24467908
26705966
38391130
5992561
2153605
32029903
11615143
20880091
18816873
7483897
1644577
2500044
17405025
4927441
12029902
6284686
25757119
5153473
1091497
11632357
64205548
8453701
4960576
7071079
15405353
3340695
19352475
66196576
53295355
2803622
4672129
11195189
9841231
23766133
9186321
10324042
4863601
20361433
54845701
56237741
16105307
9451651
45205309
45525377
646359
4807349
5899921
3985993
1960849
10604826
4174331
14831521
40773881
17716933
3708015
29439261
9598837
34595133
9290251
50154138
72681025
585581
22344747
8623873
12733781
27765420
15844432
20397151
3164041
3655146
963645
13424737
8765879
8653401
37784125
14987323
10547683
2173900
70735251
6042001
15366318
24806713
54648065
40952605
15159421
3772691
5659361
76168447
34873642
10202803
2723761
18793529
22016862
11604033
4395651
4694429
1454401
17443809
37712337
2646085
11309416
55732359
2640873
15533407
13985289
3411219
68553408
53320913
10707511
3844201
8108542
65372861
13730107
16561371
1210881
32681813
9777874
13879729
67690435
48527578
58907626
1282464
7586521
11264680
25092596
18192097
12688245
12558241
37240281
2468826
13168959
1373601
3691721
23896903
21879586
54969721
17485403
19113427
20459181
26612741
9904399
26192481
6141097
3466401
2531250
344561
20325574
9767791
8069491
7888065
31189861
1804109
6618811
36924889
36483361
7958863
12310745
6330601
43673136
8655247
3864673
21496625
42854201
8383353
58150301
7229993
30054817
13606671
13155129
5441164
7136625
859197
21518609
13811789
6634128
18528710
20219931
47497916
27866161
39551695
12967870
2803622
7100897
70800566
9473401
53524045
80544673
47718189
20002953
18514186
4169665
3845986
34692093
15397601
44834491
17695621
12630531
69124771
24716487
7756757
6281329
12533494
2687252
1847818
7618612
15991661
3866017
7650609
8195593
24458666
40760341
8832723
32659381
2803770
3816341
5699413
914301
7598170
19474161
21547068
47136167
54240257
30242593
20038173
10162871
7018870
36386065
15670972
12715310
13931191
3119096
3191037
1701217
8762965
4073065
64645849
6264985
59925437
54196772
8366736
48775601
20212754
22105791
53377486
3913221
8472598
15777489
4989230
7855714
11138801
16079085
38041901
890443
6528341
42194185
22915663
8383353
39201526
8035258
36820026
8460921
32980093
4542569
67635802
2486771
27257017
2153605
15213166
7604782
6541001
8288911
6391817
18187741
4056809
15338593
13424737
7021303
8405153
16432651
11974005
6444285
287329
2800567
7938231
15197193
41548011
2097145
9888936
9036721
22494176
11804825
1031951
43258455
9117109
22931013
54169405
11632357
4857639
7289992
7036741
12855701
3674491
4483189
87752521
45696369
42854201
16498801
939705
10026871
24571189
15824480
9201285
8415577
14289362
22091833
9777874
5725397
2335447
29443219
14863974
19355941
8123456
10534497
14137637
6030082
6864777
8676615
10064569
9374905
11009119
37562113
11586763
85550883
15977809
6552183
1928071
31123444
20724365
9949745
17055793
25755956
8826022
6066951
1785043
19922857
4483110
5437654
11623893
5978977
18020311
15913353
5182189
42380482
14602147
8545615
18488641
52202141
14047751
6743782
30552824
5553409
24303745
57736876
862090
5581641
34979281
713245
26920965
9435819
2829952
22302859
7685955
16899259
14768853
10491157
9802241
4557950
39738205
11148971
17757685
8826022
43703176
14510696
4475099
10605695
7912001
4786255
10524067
10410863
8241555
24468825
13492445
17473867
8955037
26549913
9931813
11721349
12112456
12947728
24596815
5302738
22440445
7021303
3666247
6339061
25011294
48232765
6143841
6565001
42083061
14010823
33129751
40952605
10803977
4534945
8195593
11559755
5800537
69654696
15991661
17607400
5746932
44640301
47564851
20830864
17661201
7426562
81633757
2340274
2809873
14589985
29321809
41428155
23821561
39368836
10638867
13917959
51081040
53623576
61387231
2417009
21326559
3730161
544417
5204641
9823059
23862978
26785405
2450313
33025285
12780263
21372560
24260769
6047739
51827161
40910065
6268006
3312673
20693513
19532521
34956671
19302157
24638798
33018841
11412193
2122345
7199038
101294241
6802377
81718729
12304771
10353409
2060696
19711321
19866969
4169665
22164197
8756371
15157455
21389401
17279381
41510593
21589515
15441857
6654571
21310791
5254291
36693001
12223444
36076019
7612984
62535936
21198437
8190708
50535001
34130782
12107251
29570185
1934149
1588618
2145285
3724381
7784286
11914916
33602217
10048145
15788235
2190901
13951006
18702000
20742721
3923281
2921521
13000918
19030895
5355651
12942721
666060
5839136
7389866
11148971
31265172
34323341
8870790
6030082
1312729
8281092
2541301
9320605
15442501
17492209
23319822
1908054
17799092
6784961
12621371
10421335
19756541
12765958
20417557
7350841
9776818
13566034
18446246
17764801
6219183
5047641
32427861
11159633
10124920
3893459
26709175
19121311
2895721
26534551
4987321
7209553
837649
11112867
22226890
12327041
7944509
16788937
20033281
15355937
10984737
9298906
7418209
2098453
35719102
50825474
22453461
33708737
48457646
12533494
8123941
28738178
39309881
17962001
7849989
17463218
18706289
10099958
4628781
16273873
43991706
6616921
18280001
7071079
8405153
7498240
4925617
9841231
24609976
13796784
3775721
14736902
22892651
35485144
46787677
88603612
9500931
22931857
11044009
36655745
33083065
96003221
6231601
32502365
31573501
13572241
36996085
14732950
10612024
32499067
7773046
74791061
3323816
19133731
12788392
13671645
41440465
22029879
7828705
42194475
15403167
68286241
11804825
10616365
7192691
32057447
10264431
4470115
4906236
4627705
8366736
8818471
12621371
6143841
403021
25690273
18491201
2100431
6145007
9982875
917971
4537189
73126025
33877897
48694491
32850637
10393079
17600647
41640065
81257961
35548057
7106081
23041631
6634128
62935809
53366493
6055129
18776839
20622735
13709521
15505489
6220777
18912501
40581023
15254909
7528519
35899158
23377085
28387225
40524513
17601671
25282241
34345081
13281841
33877897
14988949
5324687
46115461
26744298
3224141
44711911
3442725
67350691
49818647
11153246
29281126
10176279
7249287
30031849
5995595
19364706
23736881
6418666
1347916
49010725
70987099
2903503
21548741
13850911
25613809
2841931
40651910
35850153
7591413
38453725
42467041
10263133
7104553
44486473
13636551
6617131
16055567
5045052
19875934
8490086
9308593
8476651
91238523
13139785
49284887
50326641
7732261
14742715
8981272
50645197
26741873
9127721
10547683
13830291
52245950
3901501
24820537
4525207
19599361
948167
38786529
40488441
23572981
18242083
25711183
6235947
15230027
15003913
17012529
7288389
8850243
13751497
10189281
13840741
6780399
7612313
65553979
28368485
9366241
29172511
24372033
15698773
4440745
10337783
59263315
8088571
24351085
1061225
7338458
1073611
5704993
21349776
13141710
26141025
13419757
55031509
14324509
7966256
15040657
12434039
850357
3377011
2152131
23693153
9355429
14654511
4993913
20575809
7864609
8911317
9259069
21363411
24789931
7754069
52016229
15694657
11988697
16473889
8417804
7430263
21510036
7882087
26143326
13917957
7811841
20518129
20856859
2465905
6198565
3713134
18045330
9968541
10696237
5355651
14072353
20013126
1095877
4718406
53312842
17824751
2194061
13485583
19084693
13919051
13442496
12452986
13233334
1291207
9436259
22345660
82482157
8023611
6764881
9277081
18841654
12178351
557590
12475583
2652826
2279386
25937419
15872770
35006806
7763113
5406036
44283214
17936973
24707876
13163931
3701291
25066863
6072760
2706193
6504318
23828089
64897876
73636417
31579633
18867381
87665773
2288107
54996761
40587044
7320941
1588168
8762997
51998575
365161
20977621
9428709
2753245
21551194
16606877
11133045
3304071
4935507
20824001
7018126
2137665
3612889
14713747
1222873
1043101
35186383
37712337
13751497
11378889
8986671
24600171
7599099
41345109
7033368
626227
14687382
3172345
31072735
7192691
9175249
8177161
33849438
3537829
8166879
9893545
70367661
17736985
9414777
7514641
10566753
8913241
49501006
4527222
4279501
3554369
6473601
22592737
19570579
1947969
22514857
37412601
3582831
29558865
2801260
3861991
10006767
78754129
30629995
10358837
3408808
15045649
13878173
8785537
2042411
943426
6235601
62258151
63420381
9587933
17651252
7977321
7606309
19875220
36809709
21491350
37656037
29703628
13669426
7354681
22912696
54694784
13483141
4699297
30380556
6143841
51764510
20905501
3336441
75961486
29582529
11447749
13407506
25527079
2668191
63914833
1812299
50559916
19385521
6847152
14610931
251637
14400267
43999605
5032555
9800246
4026567
84487649
80602345
2513089
37124873
25965248
9167341
3280625
18838842
6196257
4674241
2099671
12124945
52643634
18155523
17884663
26790108
15450643
9498739
34423393
1587538
3148130
7304001
5384513
8949537
27147393
3668959
21804047
22559197
2921521
9288079
38959425
3176641
54364471
26391619
11406249
35865693
787177
18124892
76400671
47911597
4959706
12576016
11974005
24791209
8017003
48526225
22014938
25324335
21955402
13193020
4219307
2295232
64604783
1262051
37650449
27666841
19486201
5375409
4252201
3539073
42819997
9006495
13109961
10577133
11374242
28836204
9048161
14602147
32840817
12890401
6131557
6467095
7837365
17884663
8288911
19150006
2529061
39605321
47559301
20035961
31571041
16060059
10583191
15217749
2801260
23139145
3240493
24678429
11384357
4541241
16481495
10628461
45073121
7811668
23856843
33045145
3043069
81651961
21550770
17042611
11391931
18795545
6535859
13063324
27168833
20767800
8877840
6184265
8826409
6194164
14023941
7300381
17857385
12419173
5641861
2939670
12673444
11438126
33018841
3923281
17644879
4329641
3150441
82358505
26678026
15902727
9855721
13560215
7849989
11742159
16623231
4966501
3803395
17790625
7018677
45139775
23810537
11506876
4071301
35865693
65217605
13606671
9169486
39978015
38286241
11022693
24572713
2005521
39057187
7690459
14658401
4475251
9721741
72191714
3864951
64968043
25499919
44901459
16866334
7632505
15003181
3246377
16586571
8470407
3910657
5034913
6052674
15065438
55057969
20771357
1357051
51993717
2317045
6611329
3214338
27882730
22193533
6634128
49103923
42026453
1761148
4966501
8760297
5318329
20824001
4059801
9568569
42921113
29632897
58324001
7997617
11565035
15224378
988133
32930240
9372001
18990805
37413091
15834817
17108281
25768162
48741265
16179995
3460689
15441193
95001621
31321549
7578988
5522491
15662293
4590307
19895822
28045037
68408545
8504893
25861276
3993193
71725252
9782201
31072735
22343461
11384357
51717883
4922806
16136649
28693413
27251596
2433601
88623802
9674570
789560
536691
15846841
3473326
17279381
16827982
12354265
16602391
18170941
6225501
10587133
29646802
1232265
33915614
5034113
5001238
25955465
18124892
68466721
88162901
76198371
37822961
11759412
5163596
17695621
25167754
12670971
35717056
10700571
3999535
21428551
7867171
10224171
50618277
8489443
21886801
17683321
14784869
42445099
26457571
40121677
7856785
21245341
6268006
10977423
69984616
42096751
8312691
35734753
36736993
53755870
57538287
71683101
4044321
19463641
78935473
2446622
8668477
3205154
9596654
20868145
7896763
60433981
2324193
18571001
6843529
20003479
1184491
2190553
63745243
7786626
17539017
38365477
24002767
63127338
15222719
17246937
7475730
6655182
6800494
11132969
12389492
6202258
3037009
13387105
59427319
69110393
19862440
48805681
7925749
11816633
11340897
8508505
3037009
21804047
47905131
9451876
11948647
56149952
3197017
39449455
20832301
42249066
49649185
5280133
55709884
14455225
15732878
21139941
3000961
68241345
2486847
11263201
32488525
42782738
4917052
23856843
48679865
35731809
51861426
9089449
11194025
5803777
73168859
57789889
38163497
9577546
29534761
20301121
12664275
75009805
8934796
18912501
56426145
6087313
7162849
16649937
10488985
60739669
23850575
34876241
382549
42099531
33125745
17824105
3137247
29482419
10671561
16064057
53214217
28912479
21204525
6440561
44670121
19200843
5087076
6001056
77874771
3304986
8258436
18485133
11913346
8417330
43422437
1748754
8417804
3447501
54180123
9864513
5050579
13003417
42231214
6036420
4819499
38391251
19062863
5923611
9906191
10603009
7130535
68135713
34407465
37012969
6423301
10759046
11663104
6398001
7160820
9332227
8747601
7088446
10042176
40029151
38585678
5654578
25543351
24523153
4313653
7140651
33070470
34784051
55187740
16030681
45518201
34432622
14476840
58096876
8294855
11285941
11603695
33217066
26051813
82994869
4518771
43826131
25629416
3971209
4669735
5278532
14979614
1062517
4959763
2614681
11685850
5280031
13359361
5464849
3915001
23696677
1918729
48570208
4224713
6527299
7373048
13034141
20275711
26342071
10286081
22176744
8413357
11821291
31922281
5196529
7005703
28794061
3582802
18333926
8414275
15604391
96980304
32991007
19176103
8954149
31123444
11944369
2901487
71258616
4660393
19121311
8373715
2212916
4157466
13355659
21983775
10566753
44791589
2152641
39356506
7977321
11126437
28480657
21255670
12618909
36821872
65796745
7902756
8605744
37244221
6825827
32053777
6969229
17833227
12747066
15366676
34809805
537527
18944655
24213665
17261801
5384513
18771589
14244637
77447041
8567595
16906105
8546019
42174089
8491396
13109961
20504800
10058571
15513501
3995923
23080961
51717626
3205214
48249355
18333001
6187321
8246279
35604121
61987669
41176309
48752621
3630445
12950921
1743337
1537229
4928938
15991661
13663147
17809771
6802377
10088301
32761301
9190219
686071
2341846
49540427
14876401
4173650
2801260
8413357
2188133
9529129
10957753
8760297
7292817
5712283
9077494
798069
28496656
9482761
34947937
39296881
36946018
20763905
59117521
67120705
12045983
2464111
3469061
8911317
25753331
2859962
4120585
15358225
1189493
21023965
12273301
2248897
19889728
8445103
2098453
22953757
93455225
14787873
12574353
22440445
9156161
11383921
25840915
5459596
58158616
28377831
7645237
7919199
29606671
10339281
31489761
8466089
65274114
7354681
30914329
30108481
10270873
16594033
4141511
25779821
33000668
23631593
4483110
16530361
13065205
4076745
939652
15452321
5472251
11940779
18847801
7661179
24692731
5323981
12432586
60992376
74577887
86710771
5047641
6608323
24634417
9061946
14963677
2114681
702301
65263972
10307709
9120497
38389537
5050579
15468796
1558051
8476216
7503937
2443897
54028437
3640481
2859119
1552127
6369846
14672998
23306739
3111876
4122325
36680728
38190596
7245031
40003926
2563851
19529830
789352
6772137
45169398
25208821
37607054
9653806
9517033
17091892
11670601
27016501
28782997
44180074
462421
44853272
57507001
12036641
5956021
7732261
7974851
2682205
42823911
3018475
53156461
21620369
3034684
3234526
10354961
7389866
23731896
3402239
21534779
4274581
8196598
29642425
11531301
5094009
27532385
6955705
25100349
56532801
44677767
473136
5135173
33013675
17260398
5926395
8624489
18895531
2997968
13372609
20939353
45635651
5364745
55784295
51679081
20305681
6525025
6609618
7849989
36981506
26769491
26612577
1901241
2781168
10205401
19538905
19765936
2148751
1051437
1983489
11153246
8840956
1727425
2140085
6231601
31641183
8598394
17268241
19720082
47309857
8376409
27267716
60393355
30630415
22325626
52976905
97401776
9616141
1683742
6658657
58196516
9126189
3847649
73161001
17890479
13312206
44970901
46498561
28105577
36108713
6611329
8605744
7621938
8088901
19242717
6863730
18074750
1842881
2959441
23481761
4618784
60808486
7122061
9800246
25007617
39658763
32543117
13152061
50099176
26103199
11559755
23339899
3847649
8904441
3311601
42235525
2708826
8645421
7010251
5705118
1330014
25821564
8503561
1745569
5794897
16222642
4978713
1441309
30237663
8235707
30949861
11864251
8672721
28777309
15700833
12312829
8405153
6670669
5934515
17679988
91154261
5309929
91029293
53493907
73168859
8612976
16962961
52834401
11304833
4405006
7450603
60078563
1353751
11406033
31780873
9132796
11704681
9169486
9786141
9147946
19486201
4278457
10450708
28973662
43889041
15945289
19675920
3459537
6131557
11285941
3018475
24675756
6113527
9434145
14739436
57002261
9841231
5045052
22739701
2616493
12767233
64954899
17743129
4069573
6058318
22536905
8756371
1574866
15442501
25135941
7863989
8314801
366799
26903979
10072867
2779379
1190587
52034266
22819356
81772116
1030827
7171425
1678719
720904
8511567
12932261
12551239
10747391
32947142
20524281
603877
3439489
11406033
50456953
6244129
17346569
2157898
14044609
15259011
35955751
14561065
13951006
70677236
28492861
15924763
1363534
9811925
4488605
11618473
30868211
5637817
12811426
67726361
36523201
1765961
5985809
4988101
6275517
44721697
14784850
30902601
6743782
72168685
11225345
10406581
57127561
19953919
7687317
42611787
14019531
7469829
17240921
14925811
1445361
2589841
6281329
881281
6235947
79535611
34841334
9201285
3094831
31268749
27900614
19049386
9305722
24761131
16899259
5309929
72107890
54317143
6161821
19511011
23391946
5725397
17310085
9684771
1031951
11135895
9947470
10638867
29495686
29911204
70913796
16157073
6072760
6988711
3360565
55912088
26565669
9086476
18252877
5439457
6296241
50054441
68053441
12322305
15667051
11843069
25152645
51317375
2619971
10937971
9080686
5489089
13358941
6654571
19790359
46555081
12847225
6627961
37079051
68293045
21964276
24416754
17673193
81318817
2531250
30200041
26746179
7273806
3666092
39331001
17210467
754631
11437091
9777769
9045601
4299112
98604793
9949141
10543201
28819201
27006049
24824001
6567671
6184265
7038413
4534945
13459401
10972092
77320861
1336613
7565539
18328273
33726853
9432495
39613537
8957136
26736609
13510467
4969511
35751181
25374255
4838113
11189361
22159929
33869893
36530287
13119580
32261412
59262365
19500481
18275365
12209452
9684771
239086
5992237
9002793
69366689
7262441
13442152
798733
17167316
4802541
4582647
7270899
25908211
18846416
1088803
3180100
16437453
4541556
41359202
22112569
9946815
74637982
16193321
12291957
2245363
10671561
15344641
2489051
6188554
28379371
8665601
14508876
13184635
9488611
42939444
10581342
6045049
13310822
3870943
12705503
8170093
30937711
7850288
22608289
7074838
12169378
2815510
26629516
20554712
4718406
65083175
8788945
4393033
3180100
4392937
29692501
20510068
10739797
38259811
15093891
4370740
2927471
26661162
7862284
10449337
77305789
946965
16675786
10628461
10600908
9594677
8622871
10620315
65440621
30378382
57414930
15876524
36778609
46122113
7262441
16122851
21403681
12015448
8377057
20640095
9801043
3074465
47960452
13730107
17010676
29919847
29994274
24692731
63969790
4910561
7528016
6960931
35334517
41151271
90986325
14342875
15442501
55332369
41303401
16371697
43148626
6235947
3831409
2821185
17392351
14304746
3734853
27875254
64244182
13149541
28288989
1780717
17757685
21445141
40020898
10013415
89251959
6275347
21442135
27985175
6360661
14400267
28731718
7633053
15791301
35615724
25705531
27897109
6811641
15883351
3837090
51492861
29950977
17334382
1938260
1646395
7001873
23391946
25583775
54952705
28196049
7101769
20988001
12890401
28704823
11950093
83799041
11591373
29134279
35009521
5707801
17623798
24388321
16795070
41108139
36108713
9169486
1904457
1423931
6756677
50733545
2604401
5047823
2796893
16154643
16567453
16498801
13269977
23637940
50115746
26007433
12310585
3323601
17671329
10759046
12389492
7487201
33287091
19324325
12137203
22573255
12561697
24889937
5778079
11208037
65660275
2287195
14661532
1656253
6275517
5249525
10627160
5220769
962017
11508451
6633019
10389273
17799001
50656881
10607401
23905345
16580605
7635895
