50 200 1 50
21 8 36
13 21 36
45 48 82
22 46 82
31 13 81
44 22 14
38 14 24
45 44 50
40 42 43
14 30 89
5 9 67
18 47 47
10 32 81
35 34 97
25 47 69
32 10 5
34 24 92
18 4 65
29 7 39
39 46 44
40 26 67
30 32 5
13 14 25
28 49 33
45 40 32
23 9 42
3 45 34
26 28 64
25 35 84
32 50 84
38 24 17
6 40 95
37 24 40
44 15 56
36 19 100
8 12 51
39 18 81
25 21 82
14 31 24
35 22 85
22 12 34
41 25 9
17 39 26
46 14 95
20 45 24
39 29 4
12 30 96
39 34 84
2 17 90
17 26 55
17 30 63
7 22 62
16 41 97
45 31 75
33 1 31
47 11 18
27 45 21
27 11 1
16 47 75
50 13 2
45 8 14
23 39 26
48 1 87
28 46 74
4 29 86
41 24 18
42 27 91
3 24 39
22 33 32
37 45 87
34 47 46
7 17 7
15 42 56
50 30 65
50 41 47
25 23 80
39 33 60
41 36 54
12 11 59
21 36 61
32 12 82
32 23 60
33 23 51
30 40 86
39 16 67
49 19 83
7 1 59
14 33 28
49 13 19
26 42 93
3 18 98
38 5 44
19 41 14
25 33 45
27 8 100
15 46 23
6 34 58
49 30 96
4 27 26
34 2 30
25 43 50
35 16 6
42 4 69
13 23 42
24 31 3
2 35 38
9 33 46
17 12 70
8 10 40
1 42 48
47 15 13
29 31 92
15 2 28
39 35 91
27 21 63
43 40 66
12 13 23
43 9 44
8 39 32
13 18 74
38 32 12
36 17 53
47 25 60
44 8 76
47 14 18
33 13 89
17 32 77
34 14 5
38 46 92
19 18 3
39 38 86
7 23 36
38 16 18
17 40 50
47 31 34
31 48 93
31 44 21
14 9 48
17 5 24
27 6 33
39 48 90
8 14 45
21 35 10
14 21 81
1 31 75
38 1 33
48 15 36
25 45 12
8 29 85
15 12 88
18 43 6
11 43 19
39 13 74
33 11 22
15 22 32
21 4 80
3 27 70
18 6 28
2 21 33
44 40 99
15 41 79
21 3 30
24 29 30
25 50 37
36 2 57
39 8 44
29 32 8
14 47 11
47 1 75
35 10 22
23 27 20
16 39 69
46 9 100
34 25 59
16 33 62
14 48 12
32 20 89
1 24 78
8 3 21
39 43 6
8 40 11
35 12 8
48 6 97
31 39 73
10 41 95
43 2 80
24 39 26
10 50 74
12 15 80
12 1 88
15 40 12
31 2 30
30 3 28
49 36 2
46 37 62
40 39 45
36 24 59
45 12 47
23 32 55
31 38 34
