100 1000 1 100
17 66 46
51 26 38
49 92 10
42 91 63
56 44 52
88 4 14
29 3 66
53 76 10
2 59 75
92 15 69
65 23 10
75 24 37
84 7 43
48 94 26
74 71 57
2 92 12
39 53 75
89 42 25
84 69 74
69 97 39
38 84 39
49 36 72
41 54 78
35 24 2
88 84 91
94 49 85
47 78 11
40 94 21
76 18 39
25 82 53
38 5 34
51 60 24
31 26 84
68 8 64
72 40 94
13 64 55
66 59 63
44 98 18
35 46 81
8 66 44
21 79 36
79 18 81
27 75 7
73 16 57
70 44 90
32 88 48
81 68 72
55 15 59
87 36 82
94 67 68
48 9 3
10 43 79
83 1 17
45 30 100
80 26 9
21 47 56
22 74 93
13 92 55
58 26 42
28 91 37
21 77 10
85 64 5
42 63 78
26 36 17
23 59 77
57 10 53
29 33 74
28 52 96
90 31 34
8 60 77
55 18 2
88 83 68
3 31 51
75 85 91
11 56 30
87 59 76
41 37 92
44 46 72
70 39 24
12 45 40
42 72 24
60 84 14
67 38 33
3 81 73
11 36 72
69 67 14
77 27 21
91 62 13
31 2 10
93 75 94
59 100 16
36 24 26
67 41 89
88 23 15
25 92 54
77 42 71
57 34 59
99 55 11
93 61 27
48 52 88
74 36 51
4 3 70
63 37 96
10 16 64
17 6 100
57 65 54
59 32 69
80 38 56
89 83 93
45 2 51
48 97 75
45 72 89
32 77 91
16 2 32
44 81 23
9 5 29
9 100 72
50 14 72
88 56 31
7 67 86
64 96 57
37 15 36
61 89 89
44 71 67
81 3 19
98 97 5
48 78 54
3 94 35
18 22 73
25 96 96
84 85 1
23 71 47
81 47 29
64 4 4
2 93 24
57 54 75
72 99 75
40 25 79
88 58 85
98 80 100
43 90 74
95 63 77
31 95 45
87 29 5
38 83 18
60 6 74
25 31 10
31 84 99
96 9 49
39 8 3
76 14 11
72 79 81
61 95 7
100 54 31
5 13 60
66 49 88
72 97 11
100 6 33
42 5 93
39 38 52
34 88 43
56 4 88
85 20 15
86 75 63
94 54 15
25 20 58
50 54 5
96 39 42
7 72 20
10 58 98
1 77 49
41 62 92
77 26 9
97 71 42
13 34 15
24 18 9
82 73 21
94 14 76
83 45 69
83 54 48
34 99 68
80 6 39
12 37 56
90 57 37
46 58 74
46 60 88
23 48 37
96 50 94
57 93 11
56 71 29
14 80 12
70 1 94
66 65 81
33 35 85
27 16 33
35 16 42
71 58 91
39 14 53
13 21 48
86 80 27
15 97 28
97 88 59
83 46 71
35 45 93
13 72 43
36 52 10
20 80 17
54 89 91
31 53 100
25 47 65
22 50 17
96 15 87
98 55 91
35 71 15
78 83 54
23 78 47
2 40 91
64 23 30
52 68 2
95 100 68
94 51 58
74 62 87
57 48 6
99 24 61
62 15 75
48 70 6
56 41 92
99 73 31
40 76 4
13 67 5
86 85 16
75 29 96
99 95 37
21 67 98
55 2 67
94 61 74
33 4 16
24 71 12
1 10 46
64 30 62
30 2 39
81 61 87
28 72 9
90 80 68
19 35 47
60 8 69
84 98 51
56 99 73
39 50 42
9 27 39
22 57 72
78 97 38
1 95 28
38 54 80
11 68 32
68 1 50
92 6 1
89 6 54
75 73 4
16 20 91
90 28 30
48 66 6
3 50 34
16 26 37
53 57 72
59 93 70
16 45 30
69 93 20
42 61 37
98 45 22
2 87 82
89 3 67
8 99 34
54 35 4
27 99 46
13 28 24
82 20 65
100 25 75
54 40 13
86 49 2
73 22 92
85 71 13
77 17 14
34 44 76
75 77 29
63 25 75
73 58 2
32 44 48
71 98 47
76 10 22
21 17 84
26 54 25
64 51 81
59 72 48
50 87 82
22 33 1
18 41 6
39 2 53
88 93 60
4 71 57
1 85 44
71 7 42
8 32 35
46 15 8
80 56 33
2 35 69
31 80 96
51 67 34
3 99 71
16 29 78
58 84 32
43 2 46
44 64 83
46 43 70
12 47 26
29 99 67
35 41 65
14 62 82
85 1 15
92 93 76
98 18 17
96 45 54
52 57 93
36 12 17
59 66 1
1 69 58
21 49 63
20 60 32
64 59 25
96 74 5
80 17 28
22 38 27
17 26 79
81 36 49
96 41 34
97 12 51
89 61 32
93 38 86
58 6 6
4 9 50
45 58 59
80 62 58
39 74 93
16 27 18
52 95 49
36 55 48
93 64 20
21 44 6
87 82 40
71 56 11
37 41 99
12 59 77
96 77 100
16 57 14
96 17 94
74 73 27
2 63 98
40 33 6
35 51 6
91 5 38
79 90 67
99 36 43
18 60 47
31 32 82
47 8 8
5 89 54
78 6 70
79 72 24
7 39 76
60 72 78
15 24 28
36 85 9
50 73 51
17 3 98
6 72 67
51 80 89
55 60 64
47 13 39
84 46 81
17 70 2
57 18 94
9 62 75
82 54 39
6 43 27
17 84 30
51 47 85
8 63 96
85 66 96
28 63 12
45 95 90
83 27 30
28 24 23
15 47 82
64 27 34
26 62 72
63 69 16
21 57 5
45 26 75
93 68 85
82 21 46
18 97 91
88 97 91
14 58 23
11 100 54
34 31 41
31 15 88
83 41 19
6 55 55
16 93 58
33 18 89
90 76 65
54 48 38
20 58 95
24 12 58
4 5 75
59 50 94
25 83 92
27 12 72
99 75 47
92 25 7
60 93 51
67 71 50
36 31 44
63 41 48
52 64 8
24 35 100
37 64 32
10 11 71
87 6 37
8 85 62
33 86 51
12 99 1
1 47 86
65 1 87
24 34 59
94 48 73
32 85 16
6 50 82
98 53 5
92 98 49
93 8 37
29 52 60
83 71 3
44 27 10
30 31 43
34 58 16
66 17 38
82 47 43
9 76 87
34 36 100
52 18 30
42 96 89
24 3 19
45 84 28
31 25 48
90 78 41
7 19 92
93 88 83
91 97 94
82 57 66
38 96 72
56 81 4
52 26 61
90 51 1
4 63 54
2 16 83
30 41 43
47 81 3
36 33 31
57 79 41
68 27 36
34 26 22
28 8 95
27 32 38
22 90 68
87 100 62
61 32 75
95 75 100
80 31 85
67 93 97
89 96 65
72 51 43
80 98 77
35 40 80
81 34 57
17 33 3
87 94 32
71 25 52
99 3 1
72 85 77
96 82 35
47 77 98
68 96 77
83 75 25
8 21 99
42 87 51
79 42 33
57 67 83
85 26 56
58 40 23
49 56 76
10 18 61
23 65 81
73 88 26
11 19 71
11 26 93
98 9 7
48 34 79
44 93 89
55 94 76
89 19 28
44 63 12
9 67 56
64 98 65
29 41 89
49 29 2
59 52 31
69 50 54
42 89 47
32 48 63
10 78 17
60 13 60
87 17 71
91 86 10
47 91 50
8 65 21
99 65 40
51 64 86
67 20 17
16 36 75
74 41 22
5 66 89
79 47 34
47 2 42
65 85 99
17 99 73
11 86 21
79 80 50
45 89 73
72 81 92
7 49 82
51 49 2
77 36 2
74 4 1
95 34 42
99 96 16
24 92 10
79 8 15
66 95 47
79 87 66
68 18 27
90 15 17
18 84 71
6 15 68
39 40 25
9 52 54
18 31 58
18 94 88
6 96 49
20 93 66
99 31 41
74 66 70
67 88 4
87 67 37
21 14 25
9 84 52
50 79 43
45 54 4
9 58 17
27 46 16
32 12 25
38 82 77
93 44 55
60 79 11
78 69 3
38 7 6
46 61 53
73 100 98
63 10 55
99 44 30
95 25 3
48 69 95
78 88 5
80 97 19
90 92 75
29 43 87
6 84 30
48 10 62
6 9 29
31 12 61
27 95 49
46 68 83
16 80 92
19 97 97
15 17 38
13 42 48
31 63 33
27 87 98
87 56 53
30 65 18
42 11 79
59 60 25
99 71 68
75 71 55
42 37 35
84 95 75
32 35 48
49 15 34
70 12 100
91 7 69
84 81 17
13 86 94
99 68 69
61 26 97
94 55 32
15 19 32
44 31 89
47 68 91
43 60 57
52 2 11
22 44 27
70 19 9
82 67 53
47 76 90
45 66 76
90 38 73
4 87 69
32 25 45
13 24 42
82 15 89
84 26 28
14 72 48
88 75 43
63 9 59
98 61 9
23 92 57
43 25 17
54 74 29
88 55 81
16 28 82
8 25 11
87 4 35
84 17 92
53 60 78
97 46 43
19 58 31
14 40 85
24 31 52
75 50 93
79 15 74
18 63 51
26 40 88
26 1 13
8 55 8
92 35 64
8 94 31
60 87 44
19 40 32
24 99 17
50 41 1
71 93 33
7 52 69
82 59 88
94 17 17
46 55 61
18 54 19
12 89 98
29 39 95
22 53 31
68 46 19
19 3 65
52 66 12
2 34 62
59 96 92
63 17 87
58 28 19
35 66 23
60 78 63
64 44 67
76 5 99
25 53 79
2 28 46
71 31 99
91 43 26
1 26 13
57 8 34
38 91 79
93 71 16
84 68 96
52 15 94
75 63 5
52 38 63
14 51 88
80 14 54
61 56 14
83 4 9
2 23 1
34 32 97
45 92 56
94 3 22
76 35 36
25 22 87
41 89 25
75 76 11
6 36 45
68 2 90
89 86 46
6 12 75
15 31 40
2 10 91
12 58 67
50 2 26
10 68 88
75 37 8
19 64 62
48 67 4
82 64 56
8 89 67
9 32 82
97 68 79
92 11 16
63 49 5
95 16 34
47 95 55
100 81 52
72 49 95
74 58 46
80 61 72
21 98 79
59 47 1
96 34 49
38 28 73
31 56 23
44 68 82
55 57 40
85 94 32
42 83 36
89 44 64
75 70 90
28 87 73
98 21 58
37 91 52
100 67 37
72 66 40
86 7 78
15 45 79
30 84 39
4 80 74
9 13 30
89 31 22
38 76 48
4 88 19
72 94 68
5 56 91
8 3 12
17 20 49
37 5 5
100 5 14
28 90 7
63 15 51
27 50 28
95 2 27
4 99 49
32 93 24
65 39 86
48 35 88
26 5 51
88 43 18
84 48 91
54 19 1
41 38 47
5 43 94
36 17 37
96 31 54
57 74 48
13 56 18
67 86 22
36 78 65
28 100 8
67 35 72
86 40 96
97 76 20
70 67 10
83 9 29
31 34 36
29 58 33
49 91 17
6 40 94
22 9 60
83 100 69
89 21 18
62 5 13
8 6 26
13 36 22
66 36 99
94 15 31
26 32 12
67 61 61
79 54 49
63 70 9
95 79 14
94 60 10
80 74 84
79 25 25
15 34 4
93 76 4
54 39 96
17 85 58
95 84 77
92 97 24
39 13 14
77 82 43
49 80 8
68 20 18
51 41 27
88 29 27
23 53 48
64 100 99
86 68 40
68 52 85
30 23 91
78 39 53
76 20 55
28 13 58
28 41 39
99 23 91
43 49 20
54 32 31
86 76 93
79 38 24
21 9 55
100 56 5
55 70 61
34 71 51
28 89 10
2 18 30
82 37 54
17 78 16
44 82 38
24 72 58
33 7 45
27 71 69
35 54 15
99 4 42
50 39 24
19 83 5
81 6 12
31 78 31
38 29 85
4 37 45
21 76 75
94 82 26
59 98 76
7 58 98
83 40 48
37 32 11
44 21 45
26 12 22
89 65 4
72 23 67
62 73 49
39 59 38
68 62 13
43 3 71
58 63 4
27 82 72
43 96 40
98 11 22
36 79 12
96 3 4
26 64 50
58 13 74
90 87 48
96 69 64
35 9 43
82 50 73
59 20 94
73 84 80
30 71 36
53 19 85
48 80 73
37 55 11
77 43 59
79 55 2
97 60 90
87 51 4
93 20 24
78 92 95
93 35 6
22 39 87
87 25 86
28 6 64
31 3 100
45 73 100
83 79 22
73 1 30
52 30 60
33 38 40
22 64 99
4 14 55
45 15 67
12 87 89
15 93 35
18 88 24
48 46 20
38 34 61
47 12 65
15 91 81
25 38 8
36 44 74
63 27 96
80 19 24
82 2 57
54 1 56
24 57 67
40 65 72
73 85 4
57 77 74
58 4 93
69 20 26
88 54 96
72 19 18
61 38 38
25 9 56
16 1 67
40 18 44
66 28 7
1 54 34
99 32 63
4 17 8
16 59 15
54 78 31
10 30 11
2 72 91
11 38 86
74 8 22
25 45 47
39 47 63
11 16 62
52 92 88
79 59 17
44 43 54
92 38 44
57 69 16
89 79 30
92 48 62
43 12 52
38 52 44
65 12 60
45 49 49
96 40 64
46 18 81
14 32 77
39 19 26
4 81 78
39 21 58
70 8 100
79 95 6
35 58 15
6 47 64
5 77 66
38 62 53
17 10 59
19 1 30
55 91 32
54 44 2
30 15 19
16 78 43
91 29 28
97 69 96
79 51 86
9 8 33
75 35 5
20 90 93
16 7 91
79 88 21
55 19 98
36 53 95
42 24 37
10 7 34
14 21 29
57 88 73
23 15 96
72 93 31
93 45 24
59 62 81
23 62 59
19 32 27
8 45 16
72 83 60
91 39 19
35 87 95
73 26 34
36 74 65
6 8 11
4 32 7
30 69 19
2 37 17
26 71 41
53 36 92
