10
10
1757 1836 1878 2338 3992 2558 3602 720 4829 3318 
10
2416 3907 238 2041 3769 1580 178 4038 3989 3928 
20
109 350 3082 3712 4149 4742 4827 4956 1784 1472 597 1785 4445 2367 1862 2097 208 3202 1134 3970 
20
3658 2194 2371 3417 1824 159 3975 760 1282 48 2581 4862 2871 1138 4669 4726 4367 2644 3667 467 
20
2849 1480 2991 834 1111 2971 4080 2160 1542 1913 2410 4390 2386 539 1506 2634 1298 3586 2935 1248 
50
1920 3249 2852 2176 3852 4566 3147 3946 2705 3065 4396 896 2495 200 3558 1178 1979 3314 4965 4280 1556 1826 3445 3283 295 2543 3742 309 2830 3010 2936 2675 1388 2247 4279 4948 904 3661 291 4434 2222 4325 803 3538 1305 4563 3682 3185 410 3893 
100
4056 4945 351 1816 4418 344 1447 4246 1274 2882 3927 1755 2137 2662 3004 2989 658 3655 1393 682 4073 740 3683 407 4756 4394 3275 4830 601 4545 4164 2647 2632 4236 2559 1122 2418 4709 3915 906 1288 32 3191 2586 702 3830 887 4114 4765 3241 4171 2533 4790 1672 4233 1172 3544 3326 1438 3887 3395 4064 2115 3928 4791 561 3220 2675 2550 3427 717 2356 3479 1526 2605 2207 4684 3158 4296 221 4207 3463 3416 3142 1200 4460 4804 1242 2834 4642 1955 2956 751 2486 3898 3481 4801 742 989 1437 
1000
4475 4118 2451 2624 2183 113 3613 3879 233 2307 2448 3405 2435 4509 4888 4764 4338 1513 759 2238 4177 1910 1047 3617 4077 1926 932 1299 290 4918 3334 2417 4772 245 149 1486 3495 697 318 4107 2187 2719 2518 3098 3810 3097 4924 423 1716 4109 379 1441 86 1323 3327 1373 590 4999 1329 1772 650 4176 718 4022 2481 2880 4949 4799 1345 222 3920 4625 4067 416 1322 2578 2221 4684 2579 608 598 1417 2120 2746 367 2273 4974 888 3952 1674 2839 1534 337 1110 3558 3285 858 1519 658 1956 4367 2805 3563 1914 1543 2549 135 4922 1230 702 4966 2465 493 2825 3734 3960 3186 1523 3741 4807 3393 1064 1103 1510 4366 2469 1839 3010 3057 4312 457 4781 218 3745 446 668 2831 673 2003 663 3164 609 2475 208 1218 1127 3425 3784 3419 2333 4819 4606 2789 1387 3604 3209 1141 766 1577 1553 4070 3248 1502 4616 4362 4921 833 1407 2903 1334 3615 2414 2094 3274 541 92 3688 3715 3282 998 196 3631 467 1837 3024 7 2908 992 438 3699 895 3266 348 760 2762 3773 1225 3031 3678 344 3277 4653 643 3928 256 4791 1271 1661 2744 3890 2967 967 2631 2329 1045 1760 3451 4440 1946 1732 776 2193 2869 3478 3387 4373 2901 1676 3456 2166 2940 2007 1807 2050 3524 4932 4426 770 1158 1582 4083 956 1081 3775 1331 4038 1008 4884 734 548 4864 4657 3621 3291 4504 1003 2583 2121 1399 1877 554 1416 3401 3924 782 3705 3340 77 685 1709 2403 1959 3817 1190 4722 3908 4408 1855 3874 989 4439 4223 2209 4951 2494 3021 3485 486 941 1216 2828 3938 4920 225 4641 3138 3447 1776 1511 2514 639 746 4518 4141 2675 2747 391 148 1631 931 3442 2143 2044 978 771 2777 3255 4448 4086 4257 436 515 2499 439 4026 1349 3005 2226 2864 3317 4561 3207 2553 3250 4278 1485 4291 2464 2175 4735 4135 3528 4520 3163 4519 1659 2112 30 3443 4160 3249 3027 387 133 2339 2636 2668 2225 1215 536 660 2778 1072 2835 633 2073 4493 1733 2038 3514 3284 105 2968 87 1015 781 1456 1506 3837 725 3529 3910 1282 2263 3468 2840 2551 2755 2151 2765 1466 1608 4316 3634 3590 1729 2681 3619 1095 3630 1717 1174 2358 1201 2929 4709 2334 3060 4062 2438 950 1175 3258 712 1086 3295 1130 465 558 1542 1046 2721 1483 2160 107 3877 892 4559 3976 3900 842 2450 763 4327 3519 3420 4085 2258 3212 241 3085 4393 3595 1745 4757 448 1120 4973 1482 3073 1954 4708 257 332 974 2366 138 3196 1780 3411 340 2061 876 4682 4717 1196 4848 758 3336 250 2603 364 172 1280 485 3029 368 3028 3453 3198 4751 874 2643 3077 868 585 3610 2210 4374 2397 4159 1784 4756 161 3814 2148 2712 2593 3195 3941 3868 3964 2289 913 1347 4590 1505 4763 413 1186 3391 3936 2875 1159 4143 3635 1165 3632 1290 2049 3113 3661 3840 4532 489 990 4219 1179 3281 3461 1499 2954 1409 2179 3721 2590 1471 4503 1157 1605 4184 108 2476 2298 4623 329 4794 322 195 60 584 1983 265 4702 4527 1794 1971 640 952 3260 3691 3783 1962 4015 844 741 2608 672 4785 2568 3732 3378 4046 2537 4652 1446 3601 2775 3117 3149 1788 518 834 1927 1997 4258 2195 4755 4954 3509 3786 615 3860 45 4741 2118 949 3125 1160 274 1692 156 1723 1194 2754 2130 592 4271 977 279 856 4293 1438 2962 1113 1649 4668 4804 1217 1840 4263 2341 4226 3426 4268 2702 3106 1996 4137 4614 3496 3353 1647 2984 3944 563 3654 1891 2609 2043 3066 917 905 464 2988 3897 960 2332 2629 2430 1688 4878 2526 1768 4401 2660 565 404 3120 629 2127 4571 3550 1333 2693 2231 3228 319 4048 2426 649 3185 1832 3739 4423 2352 3916 4916 3757 59 3906 3271 2107 2488 1115 3593 1351 4106 3866 4631 4815 688 1500 999 2157 1476 4715 2010 2067 1738 4400 2552 2956 496 2072 1224 1648 4557 2899 4851 1050 4147 4198 2134 2793 2205 595 1906 811 36 1932 3882 300 791 1121 3342 321 4149 4292 786 1572 4395 1071 4989 1102 726 302 3032 3700 1606 2337 2884 4537 4228 1150 1094 2375 1296 3499 700 3017 3500 4090 89 202 1503 2119 228 4200 3368 3905 4976 2529 3758 2759 4860 4507 794 623 4545 924 988 4119 2178 3791 946 85 3053 1033 1540 1880 3038 4587 4301 2511 3350 376 1903 4421 1652 1137 4042 2429 4420 4524 1812 2110 1325 3349 184 2170 845 3822 4808 1654 2114 753 2063 1682 424 469 1933 2171 500 1593 4863 4777 4264 24 2259 2034 2265 3385 3455 4953 2330 4462 3826 793 606 2720 2020 957 2461 4455 540 1719 4364 4596 1419 610 1126 243 4102 2800 3949 2379 1293 3236 1264 1808 3542 1813 26 4928 591 3035 749 1591 1497 4486 374 183 3513 568 4630 862 3706 238 4379 1865 4305 4867 1195 67 4666 4680 1601 4012 4926 2900 1596 4820 4933 3497 1972 3115 1317 4197 4586 3873 3312 1252 651 263 1370 4140 2433 1056 1318 4213 1893 445 3671 2854 4128 2833 2445 2262 3070 3969 4217 3042 3373 1785 163 2247 3337 197 1834 2227 2359 2656 52 602 1019 2324 2005 3785 1052 3135 3406 1973 2695 1250 3246 2344 3660 1079 1737 2253 750 4061 1314 2543 3846 4768 408 341 1488 1093 3918 118 1975 1278 2459 2336 3351 3651 4419 2133 4181 3760 3224 4948 4599 3219 2584 1810 2320 2239 4866 1571 1193 1696 418 4844 1236 3480 251 1779 2649 1028 1650 3865 227 1943 4526 2936 893 1087 4273 839 3557 3065 71 909 2117 3243 790 
1000
445 2710 2664 831 480 2896 3755 3985 2191 1918 4149 2782 218 3675 1784 4464 601 529 562 3861 454 4786 4123 1033 4922 2656 1260 2012 2724 4360 4696 3590 1412 1832 2176 1984 4448 1761 3669 606 3989 1208 3458 554 181 898 4929 3513 510 3845 1860 2852 2787 2635 816 2120 63 2784 1719 1463 331 3097 3779 4373 4441 655 3864 1758 2 357 2825 3582 1838 4774 4702 2761 4810 4971 1997 4412 4847 3564 878 3891 224 2828 43 3597 2347 378 479 1253 4596 1109 2630 4122 3559 1511 1422 4177 3997 1022 2437 4665 792 1519 851 2023 4130 3027 1249 1435 627 2183 1714 1059 1754 1695 393 4735 478 4955 1515 613 2557 4116 3342 1134 3412 4720 3690 3144 1304 1796 4879 1613 1301 3826 4552 2428 677 116 1271 1399 1755 712 213 768 2251 474 2904 4382 2066 3595 361 3884 1831 3275 451 1001 1937 53 933 1068 3440 3100 1163 416 693 2593 722 76 1502 334 1095 876 297 39 1628 4073 1919 268 1904 4336 4680 1986 4454 22 1863 678 2227 3206 2647 3401 3274 4546 3085 1067 720 3547 3964 2579 3 1078 1794 23 149 1204 2594 732 4457 4438 2044 2768 2069 3593 586 4542 3208 2030 3844 2451 366 1389 3990 2687 1873 1699 3672 4053 507 161 4126 4990 250 3832 1938 1106 115 4713 3927 4913 26 2946 2759 3866 4800 2838 2927 1898 2979 1848 911 1929 3922 2962 1509 1374 4843 3949 3281 1256 360 2960 972 4960 2754 4981 4266 2509 4881 4524 811 124 432 2760 130 2513 3551 4383 1972 2967 710 2781 3539 3740 2902 3699 2260 1633 994 2756 4798 784 582 945 2813 2070 1071 517 1773 404 1843 4403 498 657 146 2727 4319 4498 1061 3234 886 1540 2758 4994 168 1192 3736 2633 4997 1297 2401 4309 2006 2083 1741 1392 464 2772 92 1193 3252 2583 1815 4179 318 782 31 2020 3242 3471 2824 1262 4684 819 3823 2980 2621 2913 4564 1814 574 2702 344 2887 552 4132 447 1455 4281 1899 33 1751 3790 2299 3118 686 1447 3827 2166 2198 4865 1692 976 750 3820 4357 1311 4626 235 4581 3850 3999 828 4853 1512 4302 4963 4813 2134 2684 2303 2715 4343 2267 1426 2930 4200 598 42 3320 1405 3217 3635 1184 1661 4706 2522 706 3032 1116 4338 2676 1417 100 2634 2525 2152 3605 202 4832 1753 2378 4391 3207 3124 2519 165 679 107 2499 2230 4214 959 1140 2053 1560 516 2102 2877 1604 2549 419 4566 88 3841 1910 2042 1416 836 4548 637 3717 3373 4225 3541 2971 3775 1170 754 3973 291 1985 4989 2466 324 1946 956 1807 65 3285 621 477 874 1500 2168 4445 2833 1400 3416 1890 1845 4682 3933 588 700 2165 512 2500 2581 3448 2975 3686 721 54 1232 2384 2741 610 3177 105 2125 2734 3914 1735 2875 1945 3728 875 2862 4277 2277 4178 3106 2989 895 2800 74 189 565 3003 3566 420 4172 4295 4000 4608 4423 1310 685 1731 1648 2924 3112 495 907 4756 2034 470 4253 4824 139 3433 788 3544 4673 3531 456 475 3858 2834 1040 434 2471 941 918 687 1157 1855 951 1710 1211 3875 3176 683 4936 4772 1176 4076 879 3752 347 155 3676 2147 1241 1410 4595 703 779 3145 2322 1431 3195 4415 4790 4233 3258 3514 741 1397 2612 3169 0 4969 271 609 985 2429 2067 2387 3196 753 883 3420 3273 2919 4485 1996 383 2908 84 3953 177 358 1385 436 3026 3909 1858 2926 4557 756 1323 2795 2161 467 2256 4227 292 40 34 2185 1086 79 3294 4278 3698 1941 2567 981 4034 3871 3277 4834 4957 386 4148 3926 75 1376 4692 640 3250 902 1110 2573 2054 3515 2345 1250 3387 1505 3385 443 2199 3862 1229 4972 1178 44 4095 1617 1536 1343 4066 1687 2482 1273 1833 1217 215 2001 4939 3485 2585 307 4670 1438 2210 4861 4356 734 783 1982 4580 3444 935 1090 856 2799 1053 4141 1150 3307 2847 4114 958 4674 3612 1038 1797 2418 3620 633 1251 3220 4330 243 719 3113 4386 1829 612 3049 198 590 4797 891 2459 4655 2546 1825 3506 2352 3833 3808 4807 2426 3734 1268 1023 4052 4413 4620 1459 4978 608 2188 3397 2530 3614 1589 1837 4677 3569 2186 4167 2204 4642 3580 2244 111 2214 975 1920 1199 2830 1709 4534 2241 4599 4943 491 4089 2867 1168 3235 1474 1821 2661 4431 4613 2682 252 19 1957 112 1353 1125 3713 4533 2498 3692 780 1686 18 1966 1779 2178 233 4084 1015 3763 283 4410 3099 48 3849 882 315 3664 4087 1005 4344 229 4560 2483 2323 4422 73 435 2792 2320 2841 4263 2606 4192 3994 1143 820 943 1721 2528 2250 4493 3010 2458 1684 511 4949 2895 59 4085 4893 674 266 936 2743 3474 3618 2865 857 353 1645 3887 1147 708 3935 3173 3910 2107 400 3086 244 4165 3900 3536 1099 3707 3172 3689 2039 4115 2537 2081 1355 267 1849 3243 1693 3711 3369 3599 571 3187 3560 922 4181 4603 1480 1602 3131 774 1549 2073 3159 2117 2707 2417 135 1187 1468 3174 1618 503 159 999 2504 2774 1286 4400 3741 1128 3616 1177 1072 2485 963 2272 2108 1596 2372 2163 619 593 3996 4816 2542 1673 3082 3715 927 946 3371 2697 251 1364 1424 3326 3278 1369 2912 3074 4086 4571 1270 3657 2139 2395 2651 4385 1456 1390 3642 4840 3403 4045 1732 3789 542 1914 689 1776 912 1651 855 426 1793 1264 2182 2675 1974 4869 4197 4528 3906 1092 3065 3467 3838 382 2225 501 3000 1530 1382 3352 1803 3215 3005 2306 4068 2369 3318 3556 3280 4572 2232 
1000
3835 4178 155 4658 4150 3218 1294 3785 3871 3713 4625 3595 2206 2578 2002 4337 1446 2517 891 1042 3825 2307 375 1146 515 2675 843 3596 4029 3876 1143 718 3317 1052 3045 3620 3884 1417 553 3567 2769 510 3553 4472 1324 2552 1464 1704 21 1602 4221 3537 1606 4797 305 2122 1742 2516 9 4047 3560 207 3761 1408 4707 4501 1018 1211 1539 1040 524 1796 200 3396 1920 2852 1557 639 4591 724 3777 1647 3730 2592 35 3304 1653 4739 1985 4857 982 1361 4551 3153 1918 2188 2933 4274 3952 1905 3671 3576 3399 1268 251 2043 4967 1891 657 1199 3305 4587 801 1293 333 2165 1827 474 488 4715 3219 4096 4927 469 4151 4873 2776 1260 1807 1362 688 2086 645 2152 1141 2691 1745 4973 4447 2822 4111 2046 545 2034 2288 991 3754 1899 4866 1646 307 3950 549 4276 481 3996 1208 3551 362 3094 1585 1111 3108 1840 1123 1603 892 4347 2116 124 3078 3151 2361 4665 1722 2477 1013 4724 4719 1651 4862 2630 3627 1661 335 3922 2336 708 4961 390 1946 230 2309 4218 831 93 541 1608 2020 3829 2204 2544 1992 4196 3699 2802 1780 3294 4577 3896 3735 687 3759 3689 1217 1016 250 1226 2628 2518 2465 4889 4296 2636 249 629 4554 878 3066 2013 2096 1317 1444 4313 1397 905 4234 4811 2180 1242 2677 1261 4736 37 529 2160 679 2363 3376 2334 1443 2779 1015 2963 3919 1644 3940 4651 1738 2170 733 885 3752 2411 410 2342 3273 2697 884 3462 1695 3951 1526 3227 2079 2098 1059 3437 522 2082 1600 3353 4220 1961 4011 4538 300 3547 285 3229 3622 2383 3748 3916 2613 485 588 3774 1533 4200 702 4916 4104 782 1297 1903 934 1837 3017 3776 1747 3592 4261 2352 356 4803 3837 3897 4050 4491 1164 2076 4154 425 4090 3053 4428 881 693 2501 2915 238 2434 3534 684 3105 3958 3180 4745 3994 4241 4881 3581 4398 3937 1986 2464 740 2952 1731 4697 4489 3872 4042 1184 4912 308 2920 3192 3698 3388 1636 638 4988 3264 134 4001 1331 1847 4646 3288 2750 2304 2827 1680 1592 1671 1092 2700 85 1058 350 4767 1917 2558 3719 3329 554 4839 2655 1401 109 4702 3504 2064 1912 257 4655 822 4992 193 1445 765 3508 3165 1411 3166 4833 1702 2071 4049 4365 4627 2337 1037 1011 1245 797 4531 4158 4639 4260 4012 312 205 1996 56 227 1240 2241 1497 4672 2857 4919 815 876 314 2534 142 2680 943 4716 3733 421 1311 1425 3212 784 910 607 1205 1775 2964 411 1026 3873 1507 163 2903 883 1670 2240 1781 4485 2912 4984 3798 2811 291 302 3221 4469 4338 1858 1553 2645 156 683 4287 4989 2044 301 3027 4940 1399 1543 681 2066 1522 3766 548 998 2849 1231 3044 447 2758 2059 2019 4095 3894 2194 2072 2571 3136 1863 346 4570 1131 2706 407 1023 3723 2414 4895 408 3757 870 4048 176 4689 2063 2692 4084 4018 902 1933 1633 4760 4244 3328 3542 150 4404 4906 1188 1558 359 1766 190 4166 2452 443 3309 1204 2812 3691 2156 2782 704 950 2403 1683 2104 2110 3853 4844 4079 677 4187 4327 4584 1929 1373 3712 489 4222 1656 848 1541 2610 790 2533 1666 4427 3201 3981 3427 2475 2303 1498 224 3324 4645 13 3178 2525 4784 1976 819 3500 111 2984 4962 877 4207 271 1752 4928 4629 1883 1540 3858 2879 2446 2164 2778 1591 3528 3030 1420 773 1686 3461 3531 4392 1658 3597 970 2637 4189 4578 1090 1563 526 2563 3772 195 116 2078 39 642 2287 3810 2659 3250 1307 459 4382 635 1198 3191 2938 4039 175 2815 1640 3345 1072 832 2487 2980 1098 2567 4259 1815 2390 2210 1643 4611 618 4810 1774 1189 3375 2521 3188 3986 2085 3170 1787 4413 4133 4319 2216 682 579 3482 3281 952 2919 2018 971 1288 179 99 1801 2745 153 20 4406 3208 3936 3135 2727 1993 4769 2081 387 4112 3681 4105 1559 4354 2273 3424 2925 2923 748 4074 1517 3057 2057 3724 2844 2490 3222 2037 2105 1364 652 4470 3686 2648 2511 711 2593 1889 25 3169 503 3905 68 141 3851 171 138 999 4524 4068 4357 4985 4652 2506 2445 3941 1870 521 4631 2444 51 3641 4435 404 15 3898 4127 1241 1604 2100 4385 2635 1378 75 4272 824 1711 612 135 2163 1067 4845 1008 3237 377 3861 4575 4562 1129 4475 3762 2135 921 2590 2258 3992 2412 839 778 340 2881 3393 725 3693 1595 3257 185 855 4352 4198 1 505 1310 7 3405 370 4446 956 1913 1062 1505 3831 1206 646 3983 3280 2863 644 4430 2500 2060 4173 4312 187 1721 4910 840 82 3056 2969 472 1764 4285 3799 4585 685 3625 4920 1321 4013 2787 2877 1768 4434 324 405 4818 753 144 906 1145 1212 637 2218 1389 4245 1872 3060 636 507 5 4376 2917 2262 2257 4865 2217 1983 2531 1793 4545 225 3901 1777 4203 3006 1850 2674 1301 3463 3502 3769 1274 1095 1536 1519 1437 1576 1162 3041 4307 2955 2222 3589 4060 1867 2197 2267 3327 3132 3092 2061 3407 594 170 4139 297 962 895 2167 4466 212 2829 4101 3 1228 3518 722 2987 491 50 4414 3600 461 1972 487 4129 3928 1466 4894 2858 3037 3036 2366 1493 732 2242 4514 3451 1758 3525 2400 1499 371 374 1007 1562 756 2975 615 1339 2244 1925 140 197 2530 3507 1038 3770 2154 3204 4744 1763 3852 4493 3751 695 2214 1495 764 1667 4941 744 1176 424 2943 3559 3149 3903 1621 435 3119 2455 1811 2418 172 4046 1166 4598 3911 1041 663 1944 2347 1879 393 1788 4566 3654 805 
