0
0
0
0
0
0
0
1
0
0
0
4
35
4
0
0
84
0
0
120
0
0
0
20
0
35
35
84
0
35
0
0
35
0
0
0
0
165
4
220
1
0
120
0
0
165
0
0
4
0
0
364
120
0
6545
165
0
84
1
0
0
20
4
20
165
165
13244
0
4
5984
455
10
1
165
0
0
816
8436
0
0
220
0
969
20
1540
0
20
20
10
4
0
4960
220
9139
4
1
0
0
165
0
20
1
560
0
455
0
220
20
560
10
969
0
455
4
165
13244
1
0
0
0
6545
0
2600
57155
56
0
2925
680
56
20
4960
0
84
1
816
0
0
84
95284
10
120
364
2600
0
286
54740
455
120
0
22100
0
560
1330
19600
0
35
20
220
4
560
20
0
0
0
0
56
455
20
24804
0
4
0
35
560
1
0
37820
7140
5984
5456
0
62196
286
4
165
0
120
220
1140
165
3276
0
4960
0
4495
1
0
67525
198485
560
17296
6545
4495
11480
13244
17296
84
1140
286
15180
3276
3654
35990
680
6545
165
11480
0
120
34220
1771
364
0
85320
6545
10
0
2600
220
35
84
64824
0
0
34220
4960
32509
120
7140
84
5984
0
79079
1140
7140
0
84
1
0
1
120
4
30856
56
20
88560
91881
54740
0
8436
9880
0
35
4495
37820
9880
4
35
10
4495
1
27720
220
11480
129766
26235
0
1
14190
0
560
35
0
9880
0
467180
2300
1456935
0
3654
220
14190
0
165
1330
2024
32509
5456
4060
5456
1140
76076
67525
560
1
165
392084
455
62196
0
56
35
165
1478256
2895620
12341
3654
165
2024
19600
969
23426
0
32509
84
50116
266916
0
11480
120
816
816
35
30856
2925
518665
4
2600
680
14190
0
109736
18424
17296
20
2300
0
192920
20
0
680
165
560
0
220
165
4960
16215
4060
23426
56
240464
2135445
816
19600
18424
4495
120
120
1
585276
560
6545
8436
1
1540
400995
120
2600
1
13244
1771
142880
59640
113564
120
120
286
0
20
7140
540274
1330
1140
147440
50116
969
20
35990
10
10
165
62196
0
364
0
1771
4495
35
22100
410040
15180
67525
508080
3580779
171700
7770
1
125580
4495
82160
15180
23426
20
818805
7140
2925
73150
0
3654
2600
16215
20
134044
260130
0
1703016
9139
0
280840
253460
0
804440
1140
680
3276
1521520
383306
680
286
22100
56
20
1540
52394
52394
364
20
0
43680
10
0
0
234136
84
17296
67525
56
62196
5456
27720
14190
4495
11480
5061836
166650
0
437989
20
1330
15180
35
35
85320
