1000
2 712 60 748 942
2 163 151 242 271
2 267 106 459 559
1 992 472
1 152 833
1 780 227
1 695 248
1 400 546
2 800 160 887 257
2 110 146 699 187
1 7 337
1 762 376
2 543 469 557 693
2 27 370 866 757
1 580 789
2 595 215 802 973
1 424 954
1 296 222
1 693 909
2 714 359 828 981
1 275 298
2 261 128 286 212
1 457 546
2 146 240 328 812
2 100 126 513 732
1 372 696
1 781 69
2 137 200 987 641
2 225 123 560 673
1 275 823
2 62 248 807 249
2 166 436 733 445
1 209 485
1 685 942
1 930 477
1 823 53
1 522 22
2 59 155 946 589
1 459 678
1 867 470
1 595 349
2 2 105 809 143
2 614 78 634 663
2 336 174 811 909
2 721 627 731 868
2 767 903 974 976
1 517 544
2 675 655 762 778
1 398 834
2 164 43 935 315
1 220 841
2 242 211 270 998
2 48 462 717 807
1 194 295
2 191 48 893 317
1 50 245
1 169 81
2 216 505 945 889
2 210 638 357 694
1 624 411
2 520 91 959 587
2 133 419 337 470
2 337 77 502 375
1 936 679
1 691 249
1 356 724
1 726 827
2 36 569 490 913
2 19 832 259 955
2 246 56 683 319
1 21 707
2 440 713 792 788
2 628 254 790 857
2 567 213 972 830
2 299 539 599 692
1 423 395
2 328 156 940 590
2 311 662 414 914
2 774 701 928 830
2 290 518 966 873
1 685 642
2 135 947 541 991
2 399 584 494 613
1 660 747
1 263 524
1 576 442
1 207 171
1 489 749
2 603 27 918 900
1 764 613
1 869 802
1 504 409
1 902 72
1 109 190
2 150 597 896 616
1 742 737
1 723 234
2 306 95 544 458
2 26 246 916 342
2 685 714 810 834
2 835 159 946 207
1 51 300
1 197 125
2 458 230 760 811
2 256 681 831 931
2 479 882 534 973
1 194 88
1 880 147
2 107 114 866 884
1 516 681
1 258 151
2 396 559 807 926
2 786 100 912 161
2 613 417 904 990
2 228 164 360 712
1 406 422
2 584 131 688 178
1 100 574
2 717 154 738 548
2 56 313 325 940
1 414 92
2 343 689 504 862
2 52 605 747 739
2 61 408 907 610
1 95 99
1 623 778
1 568 788
1 724 698
2 383 244 569 953
2 151 141 981 908
1 427 200
1 221 114
1 400 609
1 356 433
2 78 299 141 397
2 16 727 418 947
1 954 45
2 141 166 917 767
1 154 890
1 305 378
2 10 95 347 603
1 961 820
1 828 189
2 93 505 782 582
1 156 621
1 807 415
1 737 291
2 299 94 911 203
2 63 280 800 441
2 543 121 706 310
2 544 941 951 993
2 194 638 871 910
2 58 72 899 610
1 272 720
1 238 292
2 882 519 965 807
2 242 360 318 362
1 13 1
1 952 394
2 283 151 701 455
2 152 701 178 751
1 916 687
2 83 450 861 755
2 143 95 746 227
1 631 963
1 644 281
2 350 86 629 903
1 820 673
1 526 68
1 154 283
1 209 534
1 648 536
1 802 217
2 623 836 624 949
1 1000 790
2 648 167 904 282
2 132 279 394 458
2 256 208 727 292
2 542 205 645 463
1 197 486
1 648 589
1 601 733
1 643 372
2 629 485 727 595
1 407 638
2 397 203 930 727
1 883 677
1 14 307
1 233 119
1 986 929
2 363 253 885 528
2 469 132 940 918
1 730 59
2 458 445 959 579
2 247 230 475 419
1 849 419
2 271 253 289 355
2 707 862 811 910
1 838 625
2 366 340 887 510
2 409 717 471 976
1 168 604
1 137 367
2 22 479 220 742
2 402 19 638 145
1 708 609
2 34 287 590 545
1 560 953
1 423 137
1 741 419
1 98 491
2 196 706 487 728
1 133 340
1 966 107
1 481 7
1 513 743
1 950 982
2 383 465 653 833
2 426 216 564 506
1 972 13
1 583 620
2 96 600 787 713
1 884 143
2 630 225 900 306
2 6 554 840 698
2 728 44 814 343
1 606 634
1 198 88
1 527 967
2 184 74 308 981
2 647 731 913 763
1 47 846
1 664 980
1 105 234
2 574 196 680 987
2 385 328 586 467
2 361 388 489 955
2 270 50 714 932
1 264 285
2 501 598 648 724
2 97 149 211 173
2 316 83 385 400
2 374 485 509 553
1 496 256
1 618 535
1 480 439
2 141 160 630 698
1 728 498
1 105 573
2 298 404 346 818
1 159 172
2 198 49 649 515
2 250 238 971 999
2 470 136 596 705
2 140 51 150 464
1 589 7
2 7 614 832 870
2 127 153 321 642
2 42 394 516 505
2 176 103 426 211
1 413 281
2 73 480 589 983
2 541 30 620 442
2 607 239 809 446
1 223 488
2 805 766 980 992
2 541 242 794 639
1 336 990
2 92 214 123 292
1 532 244
1 631 223
1 843 706
1 97 49
2 203 865 695 868
2 611 148 982 330
2 255 107 967 974
2 671 610 828 757
1 641 32
2 520 520 673 876
2 181 162 312 827
1 764 211
2 106 10 264 913
2 277 208 365 242
1 457 121
1 85 832
2 202 481 837 611
2 98 129 907 644
1 512 400
1 613 371
1 267 682
1 297 353
1 728 108
1 714 299
1 107 83
2 617 126 827 493
2 10 72 464 130
1 784 387
1 579 619
1 729 884
1 51 690
2 244 729 250 854
1 217 409
2 290 244 795 789
2 870 685 924 772
1 969 154
2 574 286 915 566
1 412 564
1 920 214
1 415 53
2 539 41 803 483
1 394 102
1 496 167
2 249 313 825 803
1 547 917
1 518 530
1 690 75
1 88 982
2 379 440 475 510
2 114 409 851 424
2 174 602 532 701
2 113 782 756 952
2 484 54 785 79
1 850 830
1 505 337
2 645 159 904 508
1 633 280
1 94 803
2 519 116 671 371
2 908 491 949 767
1 12 50
2 220 522 287 563
2 319 264 431 404
2 688 106 775 168
2 416 622 945 682
1 237 851
2 223 52 410 618
2 369 337 501 605
1 165 427
1 140 532
1 27 510
2 270 207 939 636
2 977 307 985 430
2 199 651 447 779
1 270 987
1 508 563
2 211 403 341 440
2 34 625 656 696
1 477 964
1 295 72
1 238 629
1 532 597
1 398 26
2 127 749 855 942
2 582 538 613 782
1 521 781
2 5 97 191 186
2 58 493 913 949
1 943 243
1 435 44
2 91 251 429 819
1 214 498
2 382 477 822 849
2 535 68 967 472
2 920 823 952 860
2 89 260 701 835
1 230 954
1 927 311
2 163 293 360 561
2 136 836 658 944
1 611 714
1 653 594
1 107 664
2 255 267 383 846
1 404 940
2 167 703 435 772
1 579 125
2 6 103 179 368
1 841 761
1 587 366
2 260 562 632 697
2 121 115 241 643
1 249 72
1 357 60
1 468 499
1 108 306
2 425 390 800 543
1 526 580
2 257 274 893 492
2 16 475 82 699
1 406 367
1 56 225
2 14 181 984 316
1 442 72
2 798 424 849 530
2 355 258 987 532
1 5 6
2 338 221 392 817
2 321 53 357 250
1 764 324
2 22 198 831 596
1 872 216
1 361 245
2 34 239 730 959
2 152 234 341 619
1 793 387
2 428 94 974 520
2 457 559 833 985
1 959 625
2 219 70 578 449
2 513 47 693 1000
2 59 340 522 780
1 96 719
1 100 172
2 32 47 584 388
1 57 279
1 791 74
2 134 951 743 994
1 541 695
2 248 58 602 298
2 338 684 624 927
2 49 527 636 883
1 360 279
2 483 312 646 869
2 33 332 774 502
2 215 46 671 609
1 944 984
2 65 736 808 889
1 668 299
2 259 314 622 705
1 246 366
2 62 125 864 200
1 696 142
2 58 143 367 822
1 119 811
1 318 386
1 240 772
2 530 657 546 734
1 341 280
2 131 419 244 681
1 100 743
1 148 344
2 374 244 747 832
1 20 225
1 366 357
1 494 599
2 84 188 217 753
1 491 912
2 494 144 792 313
2 656 779 725 873
2 277 2 789 618
2 338 250 575 885
1 450 224
2 619 11 734 206
2 203 890 944 902
1 90 365
1 48 28
1 738 291
1 581 372
2 85 191 214 873
1 353 635
1 224 895
2 308 95 509 350
2 84 102 315 181
2 656 316 741 923
1 842 337
1 76 78
2 192 314 629 988
1 802 634
1 592 370
1 595 892
1 205 131
2 79 95 203 120
2 5 453 891 465
2 68 125 723 433
2 298 303 767 579
1 612 315
1 23 393
2 299 112 589 975
2 111 365 468 475
2 30 234 675 385
2 69 564 569 626
1 613 276
1 531 780
1 456 696
1 508 570
2 349 391 611 774
2 770 504 790 870
2 436 170 922 749
2 392 473 540 833
1 839 811
1 261 636
2 316 430 822 713
1 222 833
1 13 650
1 135 929
2 76 880 109 974
2 742 622 903 812
2 72 216 143 342
1 597 27
2 854 293 927 583
2 840 301 913 626
2 70 337 342 483
1 612 44
1 572 172
2 913 118 980 364
1 29 401
1 898 530
2 186 40 511 627
2 3 163 300 244
1 822 28
2 151 349 249 497
1 34 285
2 329 50 687 892
1 314 879
1 549 112
1 179 673
1 810 788
2 362 232 937 746
1 600 94
1 125 403
1 376 517
2 537 48 821 965
2 584 107 763 125
1 741 485
2 474 284 827 617
2 162 230 434 789
2 581 457 657 522
1 454 349
2 613 629 785 901
1 184 799
2 163 10 691 196
1 535 190
1 379 718
2 350 69 596 816
2 129 650 795 937
2 133 633 311 748
2 397 398 717 514
1 486 673
1 15 206
2 288 586 594 620
1 723 87
2 119 666 847 815
1 874 779
1 417 963
1 314 521
1 749 34
1 39 316
2 760 296 777 631
2 400 163 972 495
2 220 923 827 999
2 653 201 986 745
1 348 252
1 466 610
1 301 334
2 595 11 992 928
1 404 371
1 96 20
1 46 948
1 835 147
1 602 76
1 482 811
2 203 52 780 326
1 420 298
1 21 161
1 712 599
1 390 586
1 245 57
2 307 810 528 836
1 55 907
2 35 73 143 168
1 554 991
1 471 650
1 143 170
1 579 538
2 485 165 699 735
1 647 933
2 283 817 710 823
2 70 681 667 775
1 526 783
2 368 359 796 372
1 148 911
1 323 777
2 372 839 814 904
2 533 178 879 551
2 229 891 638 907
2 24 160 762 736
2 164 335 473 573
2 18 112 835 936
2 965 96 985 984
1 19 854
1 857 485
1 749 49
2 168 210 507 475
1 529 169
2 547 319 636 706
1 565 637
2 604 192 934 636
1 295 226
2 846 250 865 294
1 841 529
1 175 445
2 747 200 833 735
1 99 165
1 795 696
2 378 44 656 246
2 781 211 920 811
2 121 329 584 665
1 863 317
2 675 469 962 961
1 824 494
1 826 983
1 227 713
2 661 112 903 503
1 377 145
1 814 993
1 616 536
2 26 590 669 735
1 784 42
1 612 400
1 242 831
1 102 362
1 484 996
1 594 205
2 627 651 912 980
2 86 17 309 944
1 262 897
2 300 370 647 985
1 276 778
2 755 295 859 744
2 476 304 535 425
2 205 5 245 621
2 264 15 969 578
1 27 47
1 400 584
2 432 411 847 540
1 93 294
1 26 396
1 129 870
2 367 49 582 958
1 472 644
1 444 968
2 620 21 738 55
1 14 689
1 763 348
1 455 976
1 66 124
1 262 84
1 174 93
1 23 101
1 355 711
2 393 694 555 832
2 126 384 201 781
1 24 599
1 547 570
2 554 546 654 873
2 211 140 961 984
1 403 170
2 34 21 782 972
1 795 826
1 628 841
1 623 67
2 412 128 575 803
2 84 666 722 798
2 659 204 777 397
2 69 72 327 263
2 186 82 478 532
2 753 480 920 891
2 512 21 724 625
2 259 314 465 342
2 507 367 922 778
2 411 590 637 650
2 20 457 704 741
2 234 244 876 723
2 294 938 495 941
1 755 704
1 252 916
1 621 456
2 291 198 704 424
1 119 478
2 603 353 937 434
1 396 393
2 431 30 556 535
2 127 563 438 725
2 699 790 964 966
2 445 459 773 944
2 526 613 999 784
2 135 293 782 952
2 328 346 359 965
2 272 195 752 321
1 833 94
1 15 569
1 234 801
2 482 173 787 302
1 959 450
1 911 40
1 338 535
1 966 419
1 629 45
1 956 186
2 667 350 972 942
1 643 325
1 298 872
1 229 28
2 809 237 837 720
1 182 781
2 152 416 792 790
2 184 545 623 799
2 405 659 912 979
1 758 86
2 39 350 312 385
2 166 308 328 795
2 176 583 276 666
2 174 499 880 927
2 145 158 683 174
2 79 531 95 564
2 15 754 729 827
2 213 191 325 483
1 696 450
1 920 267
1 171 878
1 645 711
1 536 492
2 729 400 986 667
2 377 909 414 989
1 825 451
1 396 343
2 711 244 762 879
1 807 91
1 453 376
2 151 217 391 308
2 457 282 815 523
1 172 297
1 443 245
1 172 70
1 198 273
2 267 413 767 660
1 796 994
1 994 266
1 550 544
2 604 239 980 422
1 715 635
2 72 541 538 828
1 364 248
1 391 710
2 728 570 811 943
1 221 10
2 39 372 795 779
2 18 142 890 804
1 833 567
2 246 379 543 561
2 148 270 322 940
1 532 534
2 228 371 978 540
1 123 432
1 900 562
1 476 800
1 558 733
2 542 600 856 858
2 177 62 209 567
2 325 95 374 708
1 727 912
2 274 249 333 365
2 197 67 918 578
2 239 126 958 210
2 336 122 494 630
1 135 568
2 59 14 253 390
1 903 245
2 506 74 573 184
2 196 589 346 994
1 185 806
2 99 108 934 507
2 805 670 925 887
2 527 174 925 328
1 389 476
1 659 833
1 494 467
1 113 280
1 768 759
1 481 281
1 277 391
2 666 313 857 355
1 561 842
1 257 691
2 32 140 468 353
2 617 173 717 818
2 464 208 743 949
1 159 427
2 404 152 915 511
1 572 401
1 946 541
2 101 579 636 988
1 445 975
2 581 454 857 574
2 47 87 92 946
1 432 740
1 121 518
2 196 224 348 402
1 668 239
2 832 279 835 984
1 469 782
1 908 633
2 131 109 221 206
2 326 468 517 922
2 166 167 664 799
2 70 638 577 734
1 122 980
1 776 651
2 80 340 207 630
2 107 315 660 677
2 402 554 905 861
1 155 449
1 706 801
1 379 756
1 640 357
2 721 330 836 756
2 125 283 350 299
2 557 330 956 709
2 565 163 576 840
2 549 440 760 522
1 518 730
1 276 332
2 555 320 690 431
1 995 93
1 173 674
2 173 124 483 683
1 514 280
2 917 611 991 810
2 383 115 817 223
1 379 312
1 735 758
2 781 647 996 654
2 377 679 658 813
1 565 622
2 535 8 641 539
1 659 449
1 317 209
1 305 664
2 52 550 272 638
1 790 363
1 324 610
2 75 339 746 490
1 854 763
1 306 420
2 118 223 678 688
2 495 279 656 731
2 201 695 934 957
2 328 67 654 970
1 642 722
1 352 137
2 37 150 810 949
1 982 841
2 377 452 982 819
2 87 511 348 837
1 857 744
2 161 229 182 547
1 269 261
1 198 362
1 99 505
1 214 103
2 354 475 836 888
1 71 957
2 460 615 677 877
1 594 932
2 570 7 846 596
2 230 592 850 722
2 479 76 969 343
1 409 17
1 516 632
1 873 719
2 499 35 715 82
2 257 228 805 835
2 815 22 953 715
1 223 154
1 307 224
2 46 360 956 407
2 126 336 756 585
1 10 154
2 955 209 976 578
1 497 466
1 418 831
1 118 384
1 288 688
1 683 582
2 82 249 179 673
2 305 31 549 277
2 9 681 427 934
1 141 876
1 139 534
1 409 813
2 754 212 927 300
2 336 154 922 528
2 283 176 990 542
2 400 108 403 264
1 939 279
2 139 228 749 934
1 565 683
1 901 652
1 224 453
2 202 288 343 894
1 466 908
1 667 434
1 781 40
1 265 620
1 333 777
2 538 295 553 452
2 128 615 874 952
2 177 63 905 384
2 72 278 93 694
1 53 922
1 721 489
2 46 77 693 580
2 435 373 829 470
1 57 100
1 159 431
2 1 289 85 855
2 219 233 663 351
1 371 132
2 161 16 613 890
1 77 287
2 149 43 686 522
1 36 311
2 531 204 636 495
2 164 161 202 872
2 13 236 602 373
2 517 588 581 733
1 274 252
2 425 461 597 536
1 426 471
1 148 920
2 665 332 968 517
1 718 478
1 236 240
1 356 443
2 283 71 964 291
1 896 558
2 249 295 526 725
2 107 299 315 419
1 171 623
1 328 878
1 987 630
2 482 214 927 235
1 14 70
2 236 513 256 632
2 706 145 958 744
2 295 799 909 811
2 786 366 786 861
2 367 323 516 334
1 37 6
1 324 108
2 347 100 941 501
2 16 423 66 978
1 476 756
2 24 388 746 513
1 433 389
1 87 908
2 462 521 855 830
1 72 381
2 331 560 394 773
1 483 998
2 480 48 731 597
1 9 44
1 611 568
1 31 966
2 407 777 958 953
2 17 804 700 978
1 90 491
2 675 497 1000 839
1 137 389
1 837 366
1 358 184
1 275 118
1 725 506
2 195 853 946 988
1 812 239
1 31 698
1 670 144
2 302 345 880 457
2 62 99 795 904
1 281 292
1 379 714
2 9 296 827 505
1 977 6
1 920 855
2 660 634 674 659
2 46 43 860 350
1 169 120
2 309 776 536 791
1 285 19
1 377 367
2 132 307 427 413
1 16 7
1 521 621
1 244 939
1 745 252
1 355 518
2 473 33 569 899
2 769 378 822 700
2 59 743 168 878
2 204 619 999 790
