1
1
0
0
0
0
0
0
0
0
0
0
0
0
0
0
0
1
0
20
4
10
0
1
0
0
0
0
35
0
0
220
0
1
0
0
0
1
0
1
10
0
0
560
0
35
1140
0
680
1
4
20
220
0
286
1
120
0
6545
20
560
10
10
0
4
0
0
816
2300
0
56
20
0
220
364
1
364
13244
84
680
10
0
84
2024
4
560
286
0
15180
3276
816
6545
1
10
20
455
2600
6545
4
13244
0
0
2925
4
4
364
35
166650
455
455
120
1540
0
0
364
969
15180
0
1
18424
364
0
84
57155
4
1140
0
4
12341
20
4
1
3276
364
45760
7770
560
364
0
0
30856
7140
2024
26235
84
680
15180
10
10660
30856
7140
0
7770
0
1
102340
220
364
120
120
3654
1
24804
364
56
10660
364
120
91881
0
35
10660
1140
64824
50116
165
20
73150
4495
969
3654
0
120
680
9880
560
20
0
20
253460
1
88560
0
3276
7140
35
816
4
7770
10
455
84
56
1
1771
84
88560
10
1
29260
1540
10
286
680
56
0
5456
125580
4060
2600
18424
10
2925
165
0
1540
84
15180
84
165
19600
11480
70300
2600
0
2024
2024
286
1
35
1330
0
84
816
50116
0
14190
4960
2300
62196
364
10660
4060
15180
816
165
56
10
220
3654
187460
59640
85320
0
56
95284
455
10
12341
2024
17296
10
13244
10
4
11480
4
0
1140
24804
529396
22100
10
0
56
1089836
4060
2300
364
0
287980
20
0
1771
20
9880
3276
816
88560
3276
5456
15180
487344
0
0
56
220
156849
88560
0
113564
1330
364
437989
59640
560
620620
5984
669920
56
6545
220
1330
748660
0
1330
0
1
23426
18424
85320
67525
24804
1
20
560
455
447580
1771
1021384
0
1140
84
4
67525
29260
35
0
2300
22100
165
5984
969
0
0
680
37820
20
220
2300
748660
680
0
1
91881
0
29260
17296
20
14190
0
152096
1330
95284
147440
198485
0
73150
165
6545
3276
209934
220
117480
56
392084
2024
98770
43680
152096
91881
20
20
0
1540
0
9880
4060
22100
34220
364
1633355
1771
4
1140
20
10
273819
35
220
1330
34220
1330
0
113564
192920
1456935
182104
1330
0
253460
302621
560
84
67525
70300
1771
39711
286
11480
286
1333300
95284
14190
455
20825
15180
5984
2024
220
50116
50116
215820
10
73150
109736
364
22100
11480
1
12341
32509
1330
120
1
1143135
15180
0
88560
120
5456
4
24804
50116
23426
1771
708561
142880
1848224
357760
1038220
969
286
573800
22100
669920
35
37820
14190
11480
3654
3276
12341
4495
52394
84
0
109736
