1000
1 647 687
1 726 713
1 548 672
2 238 20 884 767
2 376 110 934 960
1 205 167
1 561 315
1 335 33
2 169 470 772 680
2 199 610 321 743
1 840 975
2 268 56 601 240
1 597 349
1 49 498
1 59 338
1 377 539
2 568 403 684 538
2 181 499 433 676
1 354 565
2 54 215 67 670
2 292 223 387 288
2 804 44 837 257
1 607 363
2 855 25 969 52
2 371 17 401 514
1 104 776
2 169 76 739 125
2 104 33 172 250
2 156 362 551 412
1 718 563
1 256 585
1 477 677
2 222 706 591 964
2 109 862 443 981
1 640 189
2 406 152 574 886
1 879 502
1 391 253
2 100 316 353 397
2 269 3 716 407
1 904 990
2 7 274 708 480
2 442 388 925 710
1 753 994
1 203 241
2 241 161 963 196
2 44 334 119 948
1 647 330
1 440 166
2 7 823 623 996
1 962 888
2 194 7 408 102
2 833 176 879 750
1 517 98
2 405 613 784 659
2 60 14 505 568
1 916 244
2 10 83 154 311
1 185 256
1 337 881
2 129 256 299 953
1 154 972
2 230 55 903 581
1 966 490
2 394 421 667 530
1 449 917
2 579 494 934 694
1 277 163
1 266 932
2 789 287 817 640
1 107 643
1 378 809
1 391 889
1 366 502
1 550 708
2 689 567 850 873
1 371 438
1 377 78
1 418 833
2 89 172 363 218
2 310 451 639 590
1 125 707
2 341 808 780 882
2 182 2 784 123
2 486 198 742 619
1 299 655
1 942 275
2 294 181 622 334
2 290 103 562 300
2 17 201 793 649
1 122 160
1 939 402
1 722 258
2 63 219 71 346
1 646 62
1 204 524
2 545 194 968 398
1 703 387
1 432 470
1 264 457
2 307 23 697 745
1 581 429
2 313 580 531 756
2 184 106 943 430
1 108 226
1 450 620
1 908 423
1 398 624
1 261 855
1 95 53
2 524 381 636 724
2 157 101 361 374
1 4 806
1 120 195
2 625 209 774 952
2 97 21 331 657
1 991 767
2 125 299 154 720
2 418 102 667 768
1 349 389
2 199 34 247 536
2 191 482 588 692
1 911 575
2 463 177 477 798
1 205 148
1 715 378
1 384 698
1 789 865
1 479 659
1 631 725
2 135 318 870 944
2 75 107 696 193
1 424 641
2 116 160 703 432
2 706 150 813 865
1 469 272
1 213 339
1 266 679
1 893 146
2 10 217 225 453
1 704 13
2 312 659 847 667
2 499 605 686 948
1 937 427
2 469 818 598 931
1 65 540
1 245 735
2 349 183 518 240
2 275 380 770 706
2 191 490 661 949
1 708 735
2 395 535 909 613
1 328 850
1 172 446
1 655 349
1 548 454
1 643 341
2 368 342 622 622
1 744 878
1 866 23
1 63 239
2 152 142 437 324
1 707 875
1 24 900
2 833 160 904 739
2 417 11 564 760
2 112 552 562 791
1 629 98
1 441 918
2 566 892 927 999
2 214 214 692 485
1 28 691
1 788 510
1 212 897
2 78 127 521 951
2 139 630 892 708
2 581 326 874 900
2 475 482 662 722
1 137 231
2 750 4 781 707
1 841 181
2 464 475 776 817
1 830 966
2 369 283 774 723
1 88 516
2 167 640 403 776
1 762 677
1 399 991
1 144 621
1 653 484
2 340 444 576 895
1 537 709
1 456 141
1 765 317
2 49 762 684 1000
1 400 70
2 464 74 501 383
2 38 372 667 999
2 230 400 715 852
1 230 543
1 55 858
2 514 59 668 957
1 517 709
2 483 173 999 847
2 520 492 550 981
1 832 679
1 714 152
1 160 858
2 591 429 950 637
1 508 300
1 438 606
2 345 67 499 385
1 47 683
1 550 350
1 255 3
1 853 933
1 952 449
1 984 774
2 54 149 879 263
2 147 510 790 784
1 300 478
1 260 548
2 142 128 488 828
1 837 756
2 231 458 295 825
2 60 19 838 479
1 916 124
2 750 618 991 729
1 409 438
1 297 875
1 101 547
2 557 729 702 857
1 480 656
1 994 965
2 334 502 841 871
1 427 608
2 323 764 417 892
2 74 77 115 750
1 310 128
1 484 135
1 370 270
1 897 564
2 133 91 272 727
2 564 573 847 808
2 155 18 926 966
1 833 706
1 976 99
2 73 651 519 868
1 7 586
2 455 603 979 797
1 927 764
1 462 368
1 473 363
2 686 120 800 781
1 337 300
2 294 670 855 882
2 268 98 329 455
1 392 806
2 246 187 254 414
1 762 114
2 4 18 315 386
2 354 191 685 500
1 958 569
2 297 299 797 795
2 439 148 695 260
2 269 410 779 453
1 24 651
2 347 311 779 922
2 234 681 882 843
1 471 249
2 223 797 306 868
2 323 290 913 362
2 5 110 886 645
1 49 590
2 329 455 557 572
2 276 167 446 846
1 662 976
2 793 388 916 455
1 19 243
1 937 84
2 333 575 706 630
2 130 86 615 620
1 753 493
2 127 195 380 351
1 276 437
1 682 106
2 468 156 722 297
2 597 579 999 692
2 557 297 980 713
2 385 308 661 533
2 170 444 994 943
2 605 223 967 958
2 212 536 448 838
2 563 67 743 523
1 146 457
1 772 171
2 252 204 636 209
2 345 471 598 560
2 164 317 882 769
1 659 804
2 15 546 450 957
1 644 417
2 82 186 277 895
1 797 973
2 59 381 854 791
2 259 428 700 496
1 774 344
1 557 408
1 7 634
1 780 807
1 950 841
1 163 225
1 777 50
1 209 928
1 902 559
1 153 156
1 359 253
2 383 58 984 217
1 559 974
1 925 731
1 434 31
1 701 832
2 242 42 658 613
1 535 728
2 854 693 986 967
1 662 878
1 604 749
2 296 243 632 790
2 292 387 916 880
1 22 582
1 857 941
1 8 706
2 276 192 892 512
1 989 768
2 659 523 681 722
1 632 122
1 850 602
2 692 250 969 950
1 436 555
2 89 973 228 977
2 841 282 874 984
1 434 415
1 652 728
1 912 314
1 652 101
1 831 602
2 16 28 590 745
1 313 114
1 502 613
2 891 145 964 608
2 181 759 479 991
1 546 970
1 863 972
2 769 199 898 850
2 93 472 228 978
2 770 19 968 780
2 10 48 490 97
1 444 126
2 248 88 866 512
2 688 32 952 347
1 935 251
1 660 755
1 485 428
2 143 404 342 579
2 244 193 533 840
2 12 291 687 403
2 349 571 566 681
2 71 367 874 890
1 927 926
1 370 83
2 202 583 212 799
1 546 429
1 49 594
1 2 74
1 87 757
1 538 109
2 137 488 286 822
1 722 474
1 883 880
2 376 209 783 663
1 651 729
1 215 472
1 309 744
1 62 604
2 67 183 304 638
1 495 273
2 17 228 553 775
1 74 127
1 110 417
2 230 372 840 860
1 816 807
1 932 776
1 186 347
1 734 998
2 119 15 942 98
2 755 884 887 990
1 38 139
1 107 748
2 227 253 742 873
2 96 407 889 565
1 762 327
1 867 101
2 313 631 839 735
2 381 499 789 806
2 16 765 521 805
1 933 977
1 321 256
2 595 154 717 662
1 187 472
1 949 999
2 677 229 806 877
1 246 279
2 12 149 210 975
2 512 29 760 361
1 791 220
2 389 95 589 223
2 658 67 710 389
1 624 856
2 109 377 174 886
1 491 362
1 272 65
1 99 502
1 49 730
1 610 700
2 24 119 583 965
2 134 186 414 249
1 352 741
1 972 873
2 270 106 891 705
2 615 360 619 629
1 766 675
1 874 93
1 458 485
1 23 895
2 107 357 516 611
1 296 624
2 90 224 436 596
1 88 308
1 921 516
1 565 572
1 779 677
2 378 751 636 923
1 229 949
1 673 318
2 570 346 966 548
1 964 569
2 163 51 186 783
1 129 681
2 131 361 486 733
1 307 134
2 815 210 845 887
2 602 299 777 644
2 351 119 654 253
2 1 36 219 174
2 798 39 880 190
1 270 191
2 112 343 364 816
2 590 93 915 166
2 295 311 771 945
2 434 544 598 649
2 11 299 543 332
2 77 410 864 683
2 613 673 881 926
1 684 528
1 776 969
1 215 69
2 660 442 807 586
1 140 58
1 26 865
1 430 303
1 357 598
1 66 697
1 471 903
2 659 492 863 745
2 538 741 973 885
2 513 192 612 475
2 432 823 751 874
2 171 338 441 789
2 295 124 713 952
1 531 897
1 188 145
1 64 711
2 600 237 949 600
2 206 340 694 515
2 59 62 577 387
1 867 868
2 626 215 697 452
2 473 635 755 981
2 231 615 669 689
1 439 572
2 774 248 875 520
1 147 398
2 751 435 888 974
1 973 525
1 575 728
1 498 257
1 596 267
1 455 646
1 693 697
1 741 85
1 710 153
1 366 879
2 770 193 818 988
1 687 882
2 205 85 803 347
1 315 856
2 720 577 796 995
2 93 417 197 759
2 19 20 188 985
2 411 154 833 532
2 159 294 783 701
2 51 647 608 834
1 631 124
2 182 298 280 389
1 36 576
1 181 159
1 72 854
1 524 760
2 775 226 951 840
1 643 623
1 236 923
1 55 712
2 354 257 518 616
1 887 445
1 980 264
2 746 77 804 904
1 100 545
2 747 860 866 941
2 530 120 555 799
2 619 325 899 675
2 435 47 449 141
2 129 259 514 351
2 100 641 706 709
2 348 162 638 930
2 196 231 197 523
2 31 196 252 858
2 193 424 496 714
2 592 95 765 524
1 916 641
1 547 597
2 170 391 804 769
1 453 165
2 656 196 831 640
2 258 326 576 704
2 329 193 824 406
1 968 41
2 102 106 346 841
2 122 221 371 469
2 70 861 446 978
2 88 891 487 950
2 147 464 537 490
2 597 21 776 252
2 431 241 698 561
2 424 233 961 870
1 542 315
2 379 107 748 720
1 426 620
2 229 131 667 715
2 507 141 516 883
1 118 309
1 845 15
1 716 921
2 855 128 939 464
2 197 427 932 803
2 131 196 786 285
1 212 655
2 216 218 267 639
2 707 105 994 692
1 195 443
2 612 246 940 528
2 192 345 703 645
1 666 212
1 506 828
1 485 3
1 88 627
1 252 751
2 395 288 519 405
2 124 382 381 983
1 121 613
1 577 100
1 482 465
2 260 819 362 922
1 570 161
2 762 487 809 770
2 156 219 947 391
2 297 282 342 805
2 241 956 436 987
1 475 736
1 373 755
2 223 553 701 662
1 731 75
1 345 860
2 184 215 669 557
1 97 942
1 760 998
1 412 403
2 150 31 840 713
1 478 458
1 603 716
2 434 291 682 798
2 50 285 342 343
2 813 318 980 416
1 128 769
2 758 265 788 967
2 179 66 782 996
2 199 300 371 892
2 206 611 557 758
2 12 217 835 261
2 934 746 961 997
2 285 101 765 849
2 207 244 247 789
1 265 491
1 679 609
1 707 304
2 487 269 668 299
2 46 476 854 578
1 640 494
1 632 921
2 679 59 767 228
2 262 180 531 622
1 101 935
1 706 222
1 109 649
2 208 825 907 930
2 183 483 874 590
1 652 273
2 199 407 769 807
1 290 69
2 734 109 925 723
1 60 849
2 431 100 853 317
2 208 150 448 795
2 326 83 892 864
2 971 219 983 646
2 743 143 765 480
1 179 946
2 71 515 113 762
2 632 265 907 422
2 119 272 692 744
1 743 705
1 15 454
1 573 774
1 633 504
2 217 377 832 745
2 417 30 433 92
2 186 113 812 517
2 242 533 500 725
2 166 190 255 754
2 378 100 991 759
2 178 164 508 795
1 866 123
1 549 63
1 293 985
2 285 526 443 756
2 94 81 830 701
1 323 213
2 479 22 640 686
2 59 258 838 854
2 294 142 398 464
1 503 929
2 176 115 379 613
2 197 243 600 302
2 586 171 659 823
1 674 29
2 154 84 913 733
2 242 411 272 510
1 774 351
1 564 109
2 325 851 912 958
2 879 170 882 590
1 458 88
1 164 483
1 656 861
1 520 236
2 25 362 95 557
1 516 264
1 375 767
2 414 237 607 844
2 180 127 791 343
2 234 266 638 812
2 223 135 918 478
1 60 372
1 344 673
2 475 150 901 595
2 275 149 512 170
1 237 529
1 170 244
2 277 663 462 771
2 212 479 363 756
1 645 700
1 704 340
1 979 952
2 143 810 345 986
2 228 61 850 686
1 954 880
2 22 195 100 848
2 352 66 939 915
1 517 638
1 834 531
2 933 279 934 610
2 526 249 912 382
1 423 472
2 488 732 785 843
2 692 173 712 404
1 844 121
2 333 483 732 925
1 443 820
1 869 863
1 713 653
1 480 696
2 42 10 961 176
1 884 933
2 271 561 376 749
2 769 803 811 832
1 329 846
1 103 949
1 761 406
1 176 8
1 468 933
1 33 819
1 596 772
2 399 98 550 443
2 373 708 923 968
2 141 327 922 359
1 204 502
1 850 376
1 504 968
1 353 585
2 176 166 473 497
2 915 420 988 983
1 577 730
1 188 515
1 126 193
1 452 20
1 955 440
1 191 150
2 689 416 799 507
2 431 181 438 374
1 644 413
1 418 441
2 513 44 724 224
2 141 136 413 771
2 477 472 779 532
2 59 378 370 483
1 786 402
1 506 60
2 42 485 853 565
1 173 895
2 39 387 672 996
2 99 61 305 232
1 440 151
2 599 263 614 519
1 704 847
1 37 266
2 517 570 528 857
1 842 605
2 11 440 477 842
2 941 389 998 418
2 532 280 742 880
1 15 57
2 75 140 762 312
2 9 780 60 959
2 60 324 548 554
2 808 113 832 799
2 254 277 945 664
2 295 463 680 617
2 219 169 962 497
2 261 352 647 928
2 131 69 659 546
1 188 233
1 421 284
2 471 339 524 388
2 53 324 372 943
1 56 395
1 535 269
1 913 128
2 529 106 793 197
1 250 770
1 32 371
2 123 147 295 633
1 597 445
2 772 479 943 957
1 409 933
2 226 487 783 935
2 750 202 826 797
2 464 113 906 681
1 268 823
2 87 154 316 210
2 370 144 956 713
2 717 127 981 458
1 851 484
2 397 157 960 562
1 612 716
1 429 413
2 365 5 508 911
2 16 561 794 844
2 305 442 817 837
2 352 375 388 694
1 567 386
2 394 139 652 190
1 649 33
2 291 40 320 114
1 379 790
1 124 571
1 59 459
2 303 111 695 265
2 841 818 897 865
1 559 217
2 10 328 483 516
1 531 548
2 371 386 620 637
1 634 521
1 860 627
2 157 17 753 233
1 244 185
1 358 138
1 459 539
2 226 162 718 451
2 370 72 610 188
1 424 167
1 154 562
2 269 40 785 978
1 310 356
1 89 879
1 607 368
1 563 226
2 33 393 300 543
2 896 596 927 946
2 910 2 988 634
2 345 72 414 305
2 642 650 689 793
2 150 366 924 726
2 687 157 733 495
1 19 1000
2 346 527 496 632
2 572 694 735 863
1 597 151
2 69 24 247 860
1 671 834
2 214 254 768 327
1 703 678
2 325 91 388 106
1 441 481
1 272 801
1 703 739
2 30 293 361 901
2 56 226 558 653
2 126 6 718 744
1 937 493
2 166 316 881 656
2 45 667 257 901
1 677 964
2 25 174 27 266
2 71 353 857 688
2 437 339 879 949
2 290 244 938 299
1 456 482
1 258 811
1 641 884
1 532 240
2 317 361 804 390
1 847 514
2 585 131 878 790
1 735 769
1 278 150
2 327 70 526 814
2 679 669 859 939
1 50 545
2 562 156 926 641
2 285 18 517 132
1 612 670
1 867 336
1 169 258
2 159 166 327 836
1 85 896
1 727 846
2 711 391 853 668
1 51 855
2 276 256 950 897
1 732 286
1 368 109
1 60 83
2 132 430 739 716
2 471 688 787 937
2 51 279 228 472
2 240 295 934 462
2 4 448 133 906
2 54 299 433 504
2 774 198 929 668
1 710 449
2 224 80 604 136
2 12 102 296 596
1 531 550
2 491 148 681 817
1 701 691
1 98 68
2 50 681 760 996
1 162 170
1 828 551
2 32 725 134 791
1 89 477
1 820 89
1 122 997
1 831 520
1 965 792
1 294 821
2 484 162 919 595
1 57 825
1 784 722
1 974 488
1 445 34
1 522 794
1 238 335
1 99 194
1 629 24
1 229 123
2 569 39 763 921
1 724 796
1 728 789
2 434 200 483 608
2 610 174 786 736
2 61 13 773 139
1 207 628
2 245 32 963 36
2 26 631 332 923
1 756 444
1 282 559
2 14 84 251 561
2 931 77 976 992
2 308 195 456 396
1 191 288
2 546 501 557 815
2 135 353 902 876
2 67 173 609 362
2 258 246 291 316
1 853 919
1 831 529
2 402 208 700 701
1 71 751
1 526 260
1 67 850
1 560 511
2 145 217 887 245
1 729 896
2 467 190 876 350
1 363 860
1 215 437
1 502 104
1 139 83
1 381 994
1 77 832
1 482 2
2 258 312 743 334
2 40 287 415 603
1 708 779
2 338 489 691 840
1 573 702
1 629 430
1 628 929
1 882 902
1 739 270
2 379 651 867 818
2 601 264 690 720
1 465 680
2 503 138 987 850
2 426 28 618 889
2 223 282 934 909
1 465 482
2 79 66 457 752
2 237 113 651 954
1 668 668
2 45 174 362 288
2 574 540 650 883
1 663 813
1 874 442
2 189 270 926 679
1 961 658
2 355 273 589 663
1 457 661
2 209 149 906 654
1 442 559
2 521 46 545 689
2 286 297 867 496
1 839 849
1 970 759
2 505 184 618 867
2 230 739 887 858
2 447 853 977 954
2 651 98 799 480
1 76 272
2 529 527 724 857
2 668 12 792 514
2 39 217 190 996
2 687 745 732 913
2 116 922 788 925
1 328 969
1 838 778
2 122 143 640 470
1 667 304
1 212 30
