100 100
-279 310
373 -545
-486 895
568 795
-60 -719
627 -502
-869 580
-795 -70
-396 885
-299 669
-980 93
-341 -843
-4 -228
303 650
-905 -844
82 773
-378 921
68 -478
381 -544
673 323
-572 431
-316 730
-189 -484
893 346
993 779
123 -602
-427 -408
152 164
-205 364
38 172
54 -793
858 -797
480 407
-742 985
319 -326
667 755
255 534
210 603
894 156
-773 479
643 -782
-533 129
230 -141
-658 -371
-421 201
-526 909
-67 -3
461 927
-690 -873
-382 645
-90 389
-330 519
-615 567
996 -697
844 515
580 -165
895 -454
922 904
-736 -152
691 783
-590 290
-608 -113
433 -116
608 995
102 794
634 199
-403 -51
-920 836
462 822
-740 -358
-113 693
56 491
-312 147
-617 733
422 -587
732 698
968 642
-604 787
-876 160
-900 767
264 -827
-17 -820
272 -989
-655 -826
-587 362
111 -857
-640 -231
-618 -97
-374 586
749 -828
-758 110
-4 473
-24 246
822 -568
903 -487
-50 -482
682 -626
648 282
-384 -173
-126 -532
Q 13 27
U 67 412 -34
Q 43 65
Q 85 94
U 31 627 146
Q 21 67
Q 35 51
U 20 -855 -203
U 46 130 600
U 19 729 478
Q 76 96
Q 34 56
U 90 -424 -4
U 52 79 323
Q 30 68
U 76 602 -573
Q 31 42
U 38 280 -761
Q 32 39
Q 33 92
Q 36 41
U 43 836 -344
U 23 893 153
Q 2 27
U 29 828 -942
U 3 -893 67
Q 18 35
Q 49 88
Q 14 59
Q 26 38
Q 90 96
Q 56 58
U 71 -772 -430
Q 11 22
Q 37 80
U 97 62 -422
Q 23 100
Q 40 71
U 10 125 160
Q 35 69
Q 8 91
U 80 220 -470
Q 5 26
Q 50 87
U 44 884 -925
U 76 -344 -845
U 70 -934 -263
Q 64 91
Q 8 49
U 96 -136 20
U 73 122 793
U 84 -323 -962
U 56 333 186
U 84 -866 871
Q 32 97
U 74 -497 577
Q 39 67
U 82 961 615
U 44 -192 -192
U 99 -780 -149
U 2 459 217
U 1 132 318
Q 48 92
U 25 -785 952
Q 62 97
U 69 -972 463
U 59 -970 -266
Q 12 66
U 3 202 367
U 63 496 16
U 38 -184 -702
Q 43 98
Q 57 63
U 62 236 887
U 32 362 -19
U 12 -370 813
Q 22 62
U 50 -409 -185
Q 19 23
Q 1 9
Q 5 18
U 99 -636 -914
U 99 -153 -924
U 57 -948 -634
U 38 21 -843
U 56 995 959
Q 23 34
Q 24 55
U 40 -223 781
Q 32 42
U 100 342 679
U 79 -223 -461
Q 26 58
Q 3 39
Q 23 92
Q 18 51
U 6 -357 733
U 39 693 488
Q 12 47
U 89 -656 -390
