411242
149787
108972
158496
418198
344369
868294
44957
394852
52189
56978
266036
367297
858748
647175
958530
220995
562683
349123
30596
13919
1076165
233149
711504
984591
389188
112103
737012
7481
158684
876044
608774
500627
32963
484515
354698
584085
285445
586207
541895
922090
723833
29445
965602
213393
172501
542663
48201
107634
673602
204154
624819
401816
385726
203326
628872
935538
126596
113860
150675
51291
1221096
155896
822075
449639
895526
185465
88916
833624
273563
234935
53820
371358
267038
13292
193172
354596
292549
753839
298253
1287444
501346
498450
688058
294595
338412
107010
609
510789
1068546
728575
215887
597043
554491
1155907
322451
333684
215757
317936
1124985
466672
182605
18381
526471
642922
127035
148589
198845
757936
387945
114299
196661
646110
149839
374853
353236
998518
726505
844439
112276
362492
68791
560459
538933
141746
323392
140559
333551
293922
420153
1221383
371794
338889
589560
235540
160029
499268
625777
253515
279544
531828
558685
835659
67365
127128
456684
174580
314038
281948
738500
505707
35597
268736
40842
911102
846223
318396
527440
324361
188859
852788
443205
149939
145392
19603
418127
85892
729375
303841
298707
537943
557529
106301
1211898
413351
571854
627136
34256
323439
142500
335676
577607
525231
3656
123168
28887
324009
14731
381300
486667
296745
636536
240423
66322
687855
408353
101449
390874
175542
116905
12528
200399
246684
223543
113550
255991
375339
941209
744848
548921
995558
1161086
52894
400393
687276
208612
757418
280614
211588
204774
318179
42781
335782
172599
107212
472941
238593
66681
624525
1098639
240678
233402
784381
227054
312137
146885
98582
156347
17287
441337
475883
471691
275518
249466
27992
595562
506537
54203
333021
575629
849657
404309
174652
849054
10206
533867
426408
239851
610969
345901
284369
381243
141286
33117
515391
1153413
448757
981394
146522
100282
620555
232705
325842
916712
49452
555313
467564
1013455
182904
919482
574555
115162
225315
612531
964945
451664
248560
125091
751480
227876
570056
192607
56169
844508
938295
489287
1111055
38115
436377
44932
118397
134614
688858
465668
158427
713664
55809
120636
86976
233882
42623
8310
366023
476983
214079
550682
93270
225393
556751
308888
259036
194188
303907
738627
223247
865843
161421
1203149
110411
633589
1015579
395432
1070943
886680
516510
876889
735883
895187
687923
364418
534849
482612
108861
529769
55333
203969
412869
53380
454916
53479
256937
78674
59123
238285
296299
410784
59488
484153
475144
30269
601868
833806
609061
1011673
180089
719633
1298845
428495
609075
751901
230941
423166
304406
457609
198246
443718
573998
335601
705897
355922
128935
826194
155878
871660
565198
887331
765375
502800
852422
124386
108481
422681
327593
750685
149665
584023
113221
742032
80910
722871
512125
245743
572513
249251
1148282
769054
517088
203998
661065
595790
649013
40754
113118
312773
233045
750886
453711
88251
5281
275879
282693
14770
235511
746613
1117543
1025108
181932
987395
225317
431265
198448
482097
146102
658116
188930
311041
375228
532424
485579
55609
255048
38311
351224
621652
206368
713511
1054081
438304
218263
10085
58867
979151
509907
384235
969806
709768
806844
931534
1137178
630436
1179452
322539
751724
483193
1083887
410549
906133
474862
475967
517885
379420
286044
76111
553778
311676
921290
626303
6837
248931
324842
305183
78501
72409
1038259
211047
366329
593083
1074387
1055943
611757
934421
293681
643014
230305
56922
247711
538875
155517
659117
108912
356162
711483
65620
554349
676320
750333
395281
668209
275872
793861
1078924
101367
792126
337943
255922
75714
45617
674125
161048
68481
808316
493174
702175
301350
63881
506
403224
483623
53907
183587
