1000 1000
168 -608
-577 -56
922 -729
-411 -127
-223 75
-344 -894
-651 -734
925 -306
470 -597
837 -609
-17 595
-438 -746
306 339
-744 584
453 -549
257 200
853 -592
-846 -20
-219 299
748 804
-723 315
443 453
823 -383
-306 -837
-241 -532
-45 -247
707 -660
258 258
457 639
-327 356
395 711
-26 373
48 -833
-95 -79
-445 -341
9 -766
91 566
-176 -528
-40 -684
819 -440
-921 550
179 966
752 -156
44 -341
-226 -715
-977 -947
100 -57
-769 750
-839 -927
370 480
-376 619
-598 178
13 323
291 -524
850 862
455 420
-784 534
236 -278
-6 704
921 -804
-157 -379
-248 380
-126 42
678 829
-810 544
404 -12
-82 825
120 -620
963 539
-749 716
939 92
-287 58
366 -984
943 469
-466 314
952 555
926 -808
-617 961
154 1000
-446 284
437 -189
-585 -780
-724 476
-653 -414
867 31
-647 -251
-7 -703
957 -300
60 -476
583 -226
-179 -500
914 -670
133 -31
598 244
-212 -986
342 837
-971 -847
-208 -410
512 87
659 -318
-825 522
471 -431
130 37
-432 -463
-544 376
308 952
-615 -140
854 195
-492 540
-274 958
759 773
881 -25
653 -936
-12 -41
654 -371
-827 989
470 -764
-698 283
751 -614
-818 709
714 -506
607 694
485 336
-305 -845
704 -470
869 382
-35 -486
-114 -131
-194 -386
371 424
79 -148
112 617
841 -262
726 -781
-151 242
-505 651
-26 199
-938 -203
-253 -958
-24 25
-812 225
557 125
782 -618
-315 -448
266 -410
-14 749
597 -243
-931 149
-927 -810
841 186
-541 677
-425 -860
-107 946
771 -230
117 103
99 -606
944 -433
561 608
163 -774
277 225
570 864
312 330
-254 -463
773 300
792 -747
516 460
-579 64
-849 -265
663 577
-390 568
738 263
-655 -948
63 119
-727 -621
-830 -338
140 541
224 284
481 -721
-773 -164
283 93
27 429
-62 617
-712 779
77 -728
77 329
-41 -614
-602 524
616 -828
-716 -133
514 291
403 390
638 -570
-429 -72
-820 467
604 613
540 -324
-684 -270
213 -72
196 747
720 -753
141 -622
827 -880
-119 -27
-382 925
-492 709
413 50
973 712
-138 -650
682 -741
549 495
-824 692
639 -646
801 131
-840 -257
8 993
857 268
-7 323
-336 -678
-456 721
-6 812
-251 448
145 -905
-134 111
-204 -597
783 -122
609 538
91 96
545 -944
972 -535
591 117
-125 -9
-762 -542
-973 185
885 138
931 -631
-621 767
515 -727
-906 53
-529 540
-583 -412
-650 297
-828 518
-792 -954
410 -352
-816 -597
910 -148
857 -624
-706 -586
-635 -464
307 -504
668 535
-415 984
-713 304
787 -567
835 442
669 -959
-533 154
-591 -15
-967 10
-867 -551
-76 21
729 -223
-766 10
364 590
965 486
993 -816
17 -149
792 834
266 -740
848 315
-718 662
-192 -684
28 -971
-578 -861
-842 -161
-291 79
512 -727
-86 396
-504 -672
-619 284
516 -619
706 -649
-269 246
406 -17
-169 -396
-989 -52
559 -831
-621 39
-273 -951
-206 -51
-529 -161
-386 105
767 -860
-654 -225
-916 88
982 102
145 184
24 -925
-128 -758
498 972
-239 553
304 -63
666 -921
380 -11
-163 855
789 702
-385 -608
-398 -498
-966 725
-879 -971
751 -647
-83 -268
-684 255
415 -250
-284 -188
520 862
5 802
-484 730
866 -253
572 -801
-829 -429
616 -28
480 -39
-823 61
-831 -661
-640 -859
339 -91
263 -231
-231 -304
-691 786
496 786
52 753
676 -719
305 -791
-64 -258
577 781
131 223
508 -576
101 -575
51 529
-369 -59
-385 776
-562 24
360 -173
-884 -128
497 334
-148 864
-233 536
193 98
792 -559
-660 -581
-864 -753
969 -242
-633 488
918 -91
576 -560
922 240
766 754
-881 -63
-152 -641
-81 849
181 19
-263 659
-424 -564
365 -332
-756 -663
-723 -81
-43 707
-51 334
452 -876
-80 938
68 433
-792 -632
-144 -87
-19 -453
-696 542
457 565
-757 -534
423 329
436 -553
-782 -888
-25 -425
-133 767
616 270
-102 352
-792 985
458 -395
537 -40
-763 -52
-291 524
-493 -486
1000 -432
-557 -422
-641 -703
-13 -801
-165 -77
-113 -767
-131 87
-898 29
175 277
-685 830
116 773
-752 -152
388 267
-358 579
-872 -774
-91 -54
592 -714
805 372
494 787
757 995
-92 -867
878 67
816 667
-454 232
-166 96
148 -23
-715 -607
-388 916
-81 -831
-534 -304
136 124
743 572
-123 -98
-206 449
588 345
-946 -421
577 -969
150 72
-549 -517
476 425
-167 704
-49 789
297 426
259 -22
143 -205
-474 -983
464 -411
-735 163
717 703
-279 -114
675 -279
-206 398
-320 286
-190 -823
493 -876
689 -967
-794 123
761 839
-886 715
389 -269
493 -835
538 479
727 -578
832 145
-944 -301
-590 -577
-760 64
-104 564
-938 442
760 -660
-613 0
-466 -579
-470 -145
100 -191
-979 -434
-23 980
-199 908
-994 134
-513 -900
135 -98
-25 318
260 -962
-763 300
-208 467
-836 983
-93 -744
780 -651
751 -449
-313 -123
598 -939
552 204
-469 897
895 -801
358 819
549 -486
872 915
-595 -119
-874 355
-775 166
-473 -680
993 -420
452 682
713 -696
543 -702
-535 -263
-190 -361
-314 -584
95 859
-66 -232
453 -777
221 -969
653 -744
203 339
-961 879
123 27
-747 -835
180 -651
-950 -664
-59 -246
-996 834
-331 990
-534 579
340 706
-77 212
351 789
137 -614
984 810
372 437
-74 -525
-172 -936
970 -91
-216 586
-91 768
202 178
-335 263
554 -985
813 -906
667 -653
818 75
641 -793
462 -456
-161 -223
-386 546
-973 853
322 880
440 15
312 -922
622 12
-769 -483
13 925
-671 716
15 784
763 -557
-388 -45
-939 -869
712 -628
-22 758
435 394
-331 -638
671 -934
-11 -794
-131 837
221 -155
-70 881
-837 -88
-952 695
-512 672
-530 193
-792 442
-962 294
-353 183
-928 758
201 -517
-895 981
-468 584
-835 718
989 -317
-405 -48
331 832
7 -413
138 339
674 754
-958 167
245 -55
-95 -208
155 459
314 232
-122 -4
595 159
876 -521
-651 -952
714 781
-798 964
-422 414
-861 408
499 923
691 -104
-824 -807
293 612
102 -755
-625 -985
632 605
-242 881
723 -623
-296 -772
829 -791
-797 -580
953 -11
-673 672
63 -412
-138 139
-190 744
-911 -642
-131 0
-94 -374
439 246
-373 14
28 -63
721 -978
-379 -987
-657 163
-14 210
780 -548
195 796
-66 -879
647 928
-412 -459
960 -609
223 537
789 904
-418 -213
-437 -197
475 869
-389 -207
482 794
-507 -303
-170 -13
466 174
-39 -14
345 54
-258 -67
-318 40
-609 183
-731 571
568 842
-792 -970
-289 -799
-977 -291
204 -882
547 735
-660 568
-303 -757
353 784
-767 -149
703 819
-180 504
-355 946
-202 783
-43 873
-495 750
733 -161
-650 77
869 924
280 849
597 -486
363 -117
-861 840
-575 819
-366 1000
-958 788
319 263
39 -365
136 647
-230 -582
652 325
353 -795
-509 -631
-104 74
-389 -817
873 159
-765 -604
-628 177
-217 -281
-690 -149
-160 17
948 -502
277 37
777 -952
-666 638
650 -369
320 144
462 998
-482 -392
-863 -465
-463 -72
-186 -973
-840 -94
122 -868
-97 -789
-237 -59
-912 -772
-876 884
530 -328
-865 394
-369 -808
673 -225
12 216
-200 -435
357 951
-869 -137
-995 -511
315 333
-196 715
-566 -594
796 -524
891 552
-214 299
-781 -368
448 -609
-919 -274
-811 794
350 534
-573 638
-522 763
-24 -113
439 510
-560 -281
-34 -8
956 -934
191 281
491 743
-692 -997
-254 646
834 -586
-845 -768
753 367
-316 725
264 -69
-98 -254
561 -271
858 426
-844 -889
912 433
-445 351
284 838
978 586
506 829
-507 -936
409 -694
-223 188
-194 -675
641 838
362 -892
299 261
-941 641
901 986
357 -873
-227 385
427 117
-97 -1
116 511
-49 844
-902 97
315 -909
403 -303
-959 -54
-23 726
-627 -485
-811 525
555 -867
74 -772
728 -154
-418 -150
906 352
660 787
740 -682
326 -617
-261 -569
609 802
-195 465
-261 365
-692 -44
667 423
-425 -334
774 810
685 682
-375 -910
-535 894
84 928
906 101
-482 417
95 165
-592 -798
500 -151
418 -3
-137 -444
-872 -631
981 297
622 -938
-543 -231
-84 941
803 -712
-155 24
-128 42
-705 31
-428 253
151 802
-569 -178
270 300
397 -306
987 -174
-893 -132
611 -305
991 602
-454 -83
-914 -150
8 -475
-250 457
-916 810
631 483
279 -153
865 -772
-121 711
274 -848
652 -879
-683 444
-14 -344
214 689
335 416
-450 862
831 299
-420 728
714 -498
630 -845
-852 465
-96 921
-30 -666
-357 945
-110 140
251 -184
-669 370
482 860
-262 -531
21 209
-886 -334
-680 632
252 326
335 0
-598 -561
-555 -10
220 392
509 -569
-19 860
48 -500
-884 -87
-213 -10
-715 96
-808 992
-988 108
24 455
512 200
-320 812
-300 344
343 574
-396 566
-950 429
113 958
698 -612
934 -838
123 -593
462 590
248 -308
494 -801
-137 -350
286 441
-867 -900
-954 610
227 -43
434 -694
929 -999
573 -363
-641 -214
998 385
-252 803
-183 133
917 939
-430 -151
-532 -347
-548 304
252 -137
16 -529
683 -673
596 200
527 -570
-605 25
-515 -745
737 -598
850 360
-346 -512
428 921
-585 995
-45 562
975 -396
-444 132
176 779
581 370
-167 -481
-768 -156
-299 469
-284 557
-418 -176
423 -829
126 -724
989 -560
-765 -41
297 -117
355 -914
756 -878
408 -281
-234 -467
45 -618
-690 -624
650 298
-352 662
-816 455
804 737
-51 739
955 435
181 -504
-365 412
-162 -660
-951 -599
900 841
916 136
109 -478
251 600
-501 40
-979 591
991 75
-581 -415
-41 163
-311 963
774 -951
-472 -726
-793 678
797 828
674 -43
-401 586
706 866
6 653
735 -123
22 5
-797 917
551 177
-1000 -547
-440 684
257 -314
581 -93
-928 42
361 21
339 501
442 -515
-172 411
875 503
-166 -578
798 -131
-205 -613
56 -281
945 962
-261 -641
477 -121
952 429
495 166
-315 950
-127 549
675 806
413 -680
-780 -733
-427 821
-84 -98
-364 -755
204 -342
-993 -834
341 -575
-329 -588
861 55
-144 -775
791 366
-274 -330
-404 882
843 426
-974 921
-926 -641
-871 -674
-196 -91
894 -619
940 178
911 -392
551 430
-326 -510
-732 -217
562 -249
761 605
-698 132
172 60
317 826
-37 -308
-852 444
-227 -189
U 568 -427 -701
U 453 129 -681
Q 561 862
U 294 205 -85
U 377 839 -701
Q 671 778
Q 844 934
Q 538 657
Q 114 438
U 689 -584 -552
U 172 -76 -268
Q 365 635
Q 165 825
Q 286 322
Q 218 535
Q 24 68
Q 278 325
Q 135 346
Q 316 609
Q 232 886
U 597 133 206
Q 169 673
U 741 960 -362
U 499 -425 868
Q 61 780
Q 399 578
Q 7 436
Q 325 601
U 703 548 967
Q 230 256
Q 208 219
U 121 698 841
U 880 -233 -882
Q 134 951
Q 635 803
U 646 -624 335
Q 310 852
Q 155 911
Q 284 594
U 850 189 -177
Q 426 516
Q 192 755
Q 656 665
U 271 -787 -844
U 921 -628 -587
U 534 -565 438
U 618 503 424
Q 275 405
Q 170 837
U 267 -721 128
Q 265 733
U 273 -974 -622
U 153 688 778
U 748 -713 278
Q 76 461
Q 850 880
Q 623 984
Q 199 478
Q 55 499
Q 305 537
Q 376 819
Q 257 682
Q 158 864
Q 356 908
U 457 -367 690
U 272 -363 -84
Q 70 92
U 881 -363 173
Q 70 798
Q 823 987
U 229 -331 488
Q 190 322
Q 419 826
U 738 943 -159
Q 819 860
U 516 54 -3
Q 131 215
U 169 -543 277
Q 117 641
U 338 -37 -492
U 820 328 -424
U 929 -100 521
Q 292 457
U 769 833 -823
Q 140 625
Q 463 768
Q 579 862
Q 631 782
Q 491 968
Q 76 786
U 97 -194 13
Q 256 359
Q 127 219
U 733 706 844
U 627 829 -356
Q 711 823
U 331 -945 521
U 250 -873 946
U 463 508 -295
U 212 -567 159
Q 92 132
U 667 -235 200
Q 46 970
U 704 207 527
Q 132 255
Q 312 945
U 295 -336 929
Q 522 863
Q 128 816
Q 573 712
U 813 -183 -502
Q 90 158
Q 262 900
Q 175 387
Q 181 365
U 226 -903 594
Q 508 555
Q 277 574
Q 258 469
U 458 704 -96
Q 732 745
Q 243 395
Q 122 401
U 913 370 473
Q 636 855
Q 347 926
U 648 173 566
U 988 -163 68
Q 297 538
Q 4 980
U 508 -392 393
U 456 627 425
U 476 683 -125
Q 516 897
U 367 -392 948
Q 170 562
Q 463 986
Q 8 230
Q 22 276
Q 661 741
Q 981 983
Q 456 841
U 149 -887 -259
U 301 354 -47
U 111 -318 -370
U 613 535 83
Q 141 960
U 491 131 -197
U 899 -427 319
U 402 197 -976
U 236 165 666
Q 32 592
U 601 -945 990
U 237 405 -824
Q 685 844
U 205 800 -678
U 462 190 597
U 130 338 244
U 256 -427 -987
U 506 576 817
Q 302 762
Q 425 845
U 242 433 -44
Q 114 994
Q 226 476
U 238 -56 544
U 809 588 791
Q 567 816
Q 440 610
U 408 -391 -217
Q 499 743
U 994 586 141
Q 104 961
U 355 845 653
U 766 769 -971
U 332 570 677
U 799 -69 -17
Q 37 388
U 813 -956 894
U 317 334 731
Q 353 493
Q 189 205
Q 445 843
Q 170 669
Q 779 877
U 795 -705 592
U 104 -524 588
U 463 -804 453
U 849 -803 -549
U 651 -527 -257
U 13 -167 -628
Q 34 144
U 513 -248 -515
Q 710 861
Q 378 957
Q 438 733
U 333 389 -889
U 816 -662 -638
U 756 105 137
U 825 19 395
Q 309 403
Q 136 286
U 705 968 65
U 942 -222 -870
Q 337 828
U 553 5 -140
U 347 528 -240
U 223 312 -719
Q 64 177
Q 658 945
U 961 49 974
Q 128 404
U 458 613 -441
Q 129 895
Q 267 823
U 875 -927 -3
U 353 557 -755
U 895 -341 201
U 919 -310 109
U 433 958 -174
Q 189 830
Q 367 456
U 754 -665 253
Q 118 402
U 736 715 177
Q 282 343
Q 243 679
U 972 996 338
U 618 -863 -953
U 150 454 324
Q 385 793
Q 373 483
U 348 981 -299
Q 718 967
Q 98 209
Q 696 952
Q 509 735
Q 590 907
U 98 21 -633
Q 47 973
U 325 303 -56
U 839 120 228
U 829 36 234
Q 52 331
U 980 -149 947
Q 506 763
Q 183 632
U 235 140 874
Q 118 302
U 731 205 401
Q 835 967
Q 206 593
U 612 490 690
U 774 -92 -846
Q 83 569
U 244 -452 534
Q 218 417
U 688 768 -479
U 610 573 -633
U 217 -793 -216
Q 357 579
U 281 911 220
Q 566 970
Q 453 879
U 708 -786 201
U 670 -572 -140
Q 314 958
U 611 -187 -166
Q 73 120
Q 226 323
Q 50 398
Q 347 482
U 788 -283 763
U 406 395 -998
Q 319 570
U 398 -486 83
Q 732 955
Q 353 923
U 680 28 -706
U 667 -32 -485
Q 460 848
U 405 -356 619
Q 182 210
U 668 601 -754
U 360 903 -626
Q 577 780
U 166 -377 373
Q 101 134
Q 191 888
U 687 -386 -817
U 667 -22 -220
Q 329 980
Q 440 691
Q 380 786
U 559 129 580
U 350 -896 731
U 189 921 204
Q 99 353
U 813 -971 392
U 48 754 674
Q 131 278
U 545 -685 457
U 342 -663 233
Q 27 676
Q 3 342
Q 781 902
U 680 28 549
U 639 615 94
Q 218 331
Q 792 810
U 252 -456 -741
Q 402 722
Q 110 181
U 418 -102 -702
Q 183 736
Q 67 294
U 193 47 9
Q 471 701
Q 105 516
Q 236 663
U 607 -579 -350
Q 921 1000
U 441 320 271
U 529 123 476
U 593 -617 -742
Q 51 974
U 152 -144 776
Q 149 470
U 87 313 -701
U 18 -450 -454
U 379 -789 918
U 381 917 -166
U 812 -11 923
Q 534 974
Q 450 936
U 335 -43 -193
U 175 -304 229
Q 972 1000
Q 114 367
Q 798 917
Q 363 620
U 661 507 -368
Q 527 973
Q 262 666
Q 97 101
U 722 77 907
U 445 328 -822
U 738 -493 -994
Q 256 357
Q 936 958
Q 704 957
Q 717 727
U 789 -671 -457
Q 394 691
U 864 179 582
U 720 505 685
Q 579 953
U 7 24 252
U 365 398 860
Q 57 280
U 582 -744 488
U 508 -362 -603
Q 330 819
U 377 -830 362
Q 364 551
U 396 -870 -34
U 824 520 138
Q 927 976
Q 286 816
U 82 557 827
Q 251 568
U 829 262 674
Q 230 307
U 349 -875 402
Q 540 838
U 671 329 248
U 715 522 -141
U 132 -284 448
U 273 587 -383
Q 433 575
U 43 -629 -234
U 236 -686 479
Q 728 821
Q 491 505
U 945 -782 218
Q 424 585
Q 515 709
Q 457 629
Q 12 98
Q 141 342
U 599 613 -244
Q 457 746
U 17 813 -610
U 914 -75 -266
Q 124 851
U 451 -482 -94
U 387 -25 239
U 735 529 -778
Q 381 960
U 281 219 -328
U 284 262 156
Q 493 926
U 10 -203 -978
Q 20 780
U 555 -649 -417
Q 36 927
Q 673 715
Q 440 752
Q 182 708
Q 361 523
U 689 -744 -465
U 567 -191 -979
U 337 497 -924
Q 294 881
U 710 -323 236
U 227 -322 677
U 740 -592 -463
Q 15 231
Q 185 348
U 149 421 526
Q 394 555
Q 244 486
U 582 -667 5
Q 312 353
U 704 -441 -109
U 367 -778 -178
Q 95 356
Q 557 694
Q 878 968
U 664 -912 493
Q 145 510
Q 305 490
U 496 733 -781
U 780 -374 -434
Q 390 444
U 461 968 106
U 501 49 -828
U 955 -322 -385
Q 492 980
U 478 988 644
Q 94 939
U 319 -946 135
U 901 -875 -363
U 379 393 745
Q 361 548
U 857 -945 695
U 422 659 -598
Q 269 451
U 309 -464 720
U 65 596 -293
U 968 -273 -946
Q 202 796
Q 35 210
Q 177 414
U 824 -513 -846
Q 689 800
Q 807 887
Q 407 531
U 563 -881 752
Q 395 409
Q 55 391
U 710 -193 50
Q 265 634
U 352 -247 -262
Q 417 780
Q 365 584
U 991 125 100
Q 145 340
Q 804 825
U 937 -954 -218
Q 233 692
Q 477 868
U 629 866 -152
U 389 -141 -725
U 503 -733 -759
U 644 137 -186
U 384 -279 -482
U 289 -716 843
Q 125 176
U 831 -115 285
U 225 649 741
Q 475 733
Q 428 874
U 725 693 870
U 144 -986 252
Q 16 665
U 39 691 343
Q 627 945
Q 593 726
U 966 191 -929
U 63 -280 812
U 955 -105 449
Q 220 870
U 837 727 -967
U 380 -704 -617
Q 917 927
U 122 652 13
Q 530 945
Q 371 701
Q 94 274
Q 414 886
U 454 24 75
U 918 391 893
Q 157 421
Q 737 960
U 339 439 -948
Q 220 506
Q 370 479
U 134 597 -925
Q 529 561
U 765 968 -813
Q 239 629
U 108 -446 298
Q 48 927
Q 564 912
Q 147 898
U 732 88 180
U 95 417 198
Q 779 894
U 826 -858 282
U 156 813 -448
Q 913 989
Q 71 544
Q 783 967
Q 102 355
Q 273 977
Q 421 461
U 134 -652 -152
Q 249 674
Q 491 857
Q 7 779
U 856 -539 604
Q 365 505
U 806 -898 751
U 252 768 -843
U 209 627 -885
Q 96 795
U 446 86 339
Q 317 755
U 791 -754 -806
Q 780 871
Q 18 198
Q 86 552
Q 200 933
Q 287 634
U 992 687 -949
Q 618 810
Q 763 864
Q 397 973
U 917 274 -170
U 417 767 -965
Q 11 192
U 492 -713 53
U 853 949 -1
U 750 142 -951
Q 231 663
Q 63 215
Q 501 547
U 601 667 -613
U 68 720 47
U 806 779 -127
U 975 -748 -13
Q 221 856
Q 5 716
U 602 880 678
Q 88 460
Q 136 978
U 270 875 -110
Q 498 530
U 430 546 -336
U 167 175 921
U 200 648 898
U 852 -555 -736
U 472 638 669
Q 143 472
Q 927 963
U 919 217 295
U 763 628 111
Q 373 464
U 269 61 250
U 121 181 878
U 945 604 514
U 839 939 -277
Q 382 483
U 952 -508 581
U 683 813 922
U 278 -573 -704
Q 369 888
U 498 569 526
U 883 -65 35
Q 76 431
Q 578 699
Q 15 558
U 59 -812 484
Q 619 667
Q 52 145
Q 277 352
U 304 55 -38
U 599 468 180
U 175 -852 607
Q 736 917
U 789 909 -351
Q 86 122
Q 442 449
Q 163 440
Q 590 950
Q 182 348
U 390 -756 -733
Q 337 752
U 529 -191 878
Q 235 308
U 964 -540 -732
Q 793 966
U 620 -444 667
Q 341 758
Q 658 891
U 266 322 -585
U 204 907 727
U 627 935 917
Q 447 642
Q 587 732
U 57 -660 -894
U 269 -45 -762
U 356 636 564
Q 50 282
U 213 761 165
Q 124 689
Q 649 818
Q 143 795
U 693 -880 426
Q 193 314
U 104 883 -699
U 932 299 -485
Q 91 996
U 416 -623 -979
Q 637 725
Q 276 757
U 964 867 -969
Q 41 804
Q 360 658
U 783 286 721
Q 135 945
U 233 -223 -809
U 929 -382 633
U 618 781 -442
U 867 -223 526
Q 241 916
U 463 230 -651
U 234 -181 498
U 184 275 932
U 243 -604 325
Q 527 928
Q 80 748
U 68 732 -981
U 810 -663 -28
Q 9 568
Q 24 704
U 567 920 -755
Q 17 539
Q 426 703
U 518 930 -738
Q 112 519
U 199 -700 82
Q 335 702
Q 383 467
U 532 -201 4
U 787 -102 407
U 514 -192 -735
U 76 -874 -780
Q 524 933
U 287 925 653
U 702 -296 546
U 226 -540 -642
U 832 -500 -554
U 884 428 -473
U 73 -438 716
Q 119 166
U 318 -217 316
Q 238 399
U 37 -497 -841
U 667 696 124
Q 297 614
U 135 296 992
U 366 -615 197
Q 151 200
U 220 914 907
Q 427 777
Q 943 980
Q 313 507
Q 49 108
Q 362 410
Q 627 813
Q 395 619
U 336 -932 -984
U 900 -929 781
U 531 651 623
Q 261 576
Q 895 945
U 960 -460 601
Q 222 591
Q 360 723
Q 211 234
Q 215 675
U 308 -289 478
Q 85 722
U 638 -940 -299
U 587 58 -895
Q 476 943
Q 143 914
U 521 612 -147
U 63 356 508
Q 169 307
Q 248 794
U 522 -35 -731
Q 12 989
Q 312 640
Q 253 720
Q 240 812
U 522 -705 -769
Q 17 197
U 248 -146 -278
Q 38 357
U 201 880 -389
U 283 974 -794
Q 393 622
Q 168 515
U 452 836 -283
Q 760 917
Q 332 672
U 205 -468 -670
U 225 486 -212
Q 358 791
Q 675 933
Q 202 736
Q 510 786
Q 239 342
Q 310 940
U 208 -258 619
U 632 412 -285
Q 12 130
Q 270 936
Q 502 937
U 250 -325 348
U 518 -733 -822
U 369 -953 684
U 260 920 331
Q 37 703
U 754 -527 -600
Q 40 612
U 825 -913 936
Q 36 413
U 188 935 819
U 897 285 86
U 101 612 833
Q 213 853
Q 335 430
U 270 -326 -271
U 334 452 -46
U 34 582 -932
Q 16 102
U 854 634 -894
U 695 193 316
U 192 -598 -509
U 164 -102 -463
Q 589 915
U 909 -804 673
Q 50 301
U 223 388 -994
U 971 -37 140
U 368 63 -327
Q 102 673
U 992 335 -863
Q 309 424
Q 59 499
Q 768 853
U 17 403 -935
Q 342 903
Q 573 636
U 456 235 912
Q 101 650
Q 212 598
U 971 -516 -485
Q 522 715
Q 99 533
Q 319 505
U 284 428 -228
Q 93 964
Q 412 987
U 700 276 -182
U 66 -304 -322
Q 185 575
U 867 429 87
Q 752 909
Q 28 528
Q 112 565
U 660 -293 632
Q 194 684
Q 753 785
Q 244 335
Q 736 968
Q 321 495
U 241 -811 -392
Q 14 585
Q 536 885
Q 116 191
Q 827 833
U 118 -457 214
Q 760 967
Q 483 705
U 402 373 865
Q 173 188
U 672 -540 -634
Q 209 391
Q 419 979
U 23 -618 -474
Q 81 934
U 991 -229 720
U 904 714 -108
U 91 97 -286
U 273 160 -520
U 487 -43 -977
U 343 -950 -86
Q 179 957
U 954 -428 441
Q 687 825
U 98 -653 344
U 109 92 883
Q 87 841
Q 732 905
Q 220 548
Q 462 616
U 172 817 -249
Q 189 554
Q 656 775
Q 361 859
U 613 -925 253
Q 323 468
U 597 435 -725
U 617 570 -190
U 203 -217 -350
U 195 -933 -467
U 540 -752 -632
U 685 687 -516
Q 21 260
U 494 -285 -673
U 687 -477 -224
U 381 -869 -379
U 524 250 264
Q 645 935
Q 417 822
Q 293 665
Q 595 639
Q 736 931
Q 350 379
U 392 426 275
U 643 42 -553
U 111 776 -808
U 199 681 -799
U 668 -1 982
U 714 267 -294
Q 697 964
U 577 -122 168
Q 236 717
Q 641 807
U 230 -246 191
Q 374 923
Q 8 814
Q 505 843
Q 791 954
Q 290 300
U 547 935 -587
U 784 -27 336
U 734 539 354
Q 22 70
U 532 -460 -707
Q 42 790
U 106 -769 467
Q 76 471
Q 494 795
Q 17 760
U 285 -729 631
Q 38 578
Q 32 643
Q 147 863
U 130 215 -78
U 755 374 365
Q 126 991
Q 333 816
Q 67 965
Q 373 618
Q 130 709
U 81 13 -553
Q 509 885
Q 169 990
Q 118 439
Q 17 712
Q 42 407
Q 617 979
U 404 64 22
U 89 -139 779
Q 59 457
Q 462 755
Q 539 761
U 606 105 754
Q 380 444
Q 434 855
Q 309 545
Q 240 943
U 966 663 -156
Q 37 510
Q 400 406
U 845 223 684
Q 723 915
Q 246 493
U 632 -786 310
Q 411 638
Q 288 354
Q 709 769
Q 205 988
U 246 -26 -309
Q 375 537
U 207 -581 897
U 393 -625 283
Q 30 311
U 730 521 -442
U 645 -464 280
Q 410 860
Q 131 951
Q 33 835
Q 27 492
U 429 255 899
Q 215 930
U 718 -982 -374
Q 483 712
Q 206 695
U 160 66 -801
U 768 485 -255
U 417 -123 122
Q 32 209
Q 816 861
U 651 435 573
Q 94 292
Q 585 990
U 341 -949 363
U 306 -640 619
Q 109 231
U 209 -594 -319
Q 479 978
Q 159 250
Q 104 383
Q 3 545
Q 906 955
Q 76 501
Q 424 938
Q 304 875
Q 255 558
Q 151 666
Q 642 859
U 644 953 -659
Q 217 823
U 531 916 192
Q 90 920
Q 578 654
Q 226 830
Q 492 754
U 885 -452 345
U 357 -546 -920
Q 45 240
U 312 -601 109
Q 840 905
U 412 -514 -626
U 794 274 -529
Q 325 362
U 795 868 -259
U 529 369 -536
U 189 672 -852
U 767 957 -552
Q 238 753
Q 327 449
Q 234 291
U 802 956 -87
U 574 809 739
U 829 -295 896
Q 9 621
U 268 558 949
Q 84 462
Q 1 534
U 217 711 -552
U 441 120 -381
U 652 -277 904
Q 532 767
Q 365 417
Q 445 447
U 8 963 725
Q 101 413
Q 521 895
Q 134 182
U 583 916 599
U 381 -253 -351
Q 830 969
