13
218
236
570
127
16
19
81
292
33
53
9
150
189
414
29
99
6
2
678
509
480
391
48
122
95
34
48
397
15
456
340
44
97
97
127
108
7
479
5
274
396
348
220
216
75
14
113
248
121
40
74
322
3
121
278
146
311
36
184
288
167
464
0
332
183
9
1
24
464
34
135
240
636
74
55
94
86
8
304
188
132
328
402
58
339
33
137
143
103
422
116
53
289
603
173
151
182
31
246
34
263
102
734
454
319
61
32
148
10
19
518
363
1
121
480
9
131
70
44
146
2
185
45
72
144
31
110
55
108
94
169
142
3
241
317
202
17
116
182
296
51
132
2
36
68
136
146
5
573
136
75
117
294
10
124
301
121
36
322
128
206
30
454
28
390
109
11
689
173
75
738
78
111
715
409
50
232
168
354
713
148
292
1
1
8
251
97
184
1
298
54
249
83
9
175
874
6
57
65
20
242
221
140
251
230
197
32
207
11
122
557
209
86
114
74
17
29
212
153
20
132
457
141
15
47
254
27
641
54
291
10
38
61
321
260
15
119
232
227
337
394
539
359
2
109
22
278
4
408
241
280
3
282
322
58
254
63
31
70
2
88
208
190
312
267
52
267
203
228
204
106
39
68
174
493
126
16
254
676
116
86
96
252
10
153
22
51
12
37
111
592
467
192
384
664
4
336
39
3
506
16
69
107
231
1
7
91
30
627
282
127
90
174
47
162
60
224
13
170
138
22
692
75
220
690
25
242
91
315
556
152
290
2
316
15
104
9
13
674
10
461
219
207
189
176
31
124
41
180
166
69
53
407
638
378
33
107
219
98
164
23
196
17
104
93
58
130
33
2
64
30
298
41
38
167
75
111
292
576
270
112
139
317
12
292
509
76
2
214
85
5
158
6
169
101
83
110
17
102
75
16
135
5
123
337
50
67
243
37
30
286
231
62
15
412
454
25
123
198
8
32
110
650
6
41
262
154
385
278
41
2
2
429
116
82
12
8
49
329
195
329
333
108
230
1
266
27
150
29
690
82
319
183
163
117
87
55
12
85
18
57
167
318
299
39
206
46
20
243
57
116
2
465
75
61
146
85
36
8
176
36
46
157
246
10
66
441
382
134
133
16
15
145
238
60
122
8
64
86
51
2
136
20
80
242
37
39
18
41
234
33
59
184
541
513
24
86
101
7
16
22
298
58
381
254
410
383
8
116
301
287
8
210
162
62
146
17
8
63
1
56
650
597
266
15
3
338
126
84
45
6
150
27
100
224
121
231
83
602
63
681
23
183
31
152
518
53
47
349
6
109
11
639
30
0
172
43
508
334
78
561
473
249
67
613
40
174
34
41
153
76
437
67
213
3
118
39
181
220
6
204
179
522
43
36
0
51
144
52
13
49
252
71
6
314
179
64
34
11
3
10
229
90
7
392
182
422
238
128
33
395
225
21
25
30
31
21
7
54
915
349
34
527
177
261
299
66
646
236
121
6
268
7
266
272
229
32
259
363
159
62
48
202
85
493
73
14
297
265
222
4
133
2
382
487
187
233
414
20
106
277
85
324
195
155
105
48
362
392
94
467
40
19
157
119
74
36
180
100
545
19
10
293
612
581
335
328
49
403
476
464
171
59
180
163
82
92
117
27
327
11
11
35
104
20
120
377
100
481
18
270
327
359
221
17
176
68
499
238
292
3
185
112
14
66
71
148
324
338
2
124
12
96
83
54
159
404
669
60
118
237
74
58
94
4
205
9
171
135
10
87
44
254
393
340
436
79
162
75
2
105
74
2
49
118
13
38
101
34
425
164
195
566
353
388
86
27
85
47
19
90
627
19
5
171
401
73
196
393
1
37
7
121
185
300
246
144
272
8
88
160
46
413
400
66
500
294
359
713
141
76
123
142
24
53
361
104
452
36
9
506
221
313
60
5
323
311
71
157
12
116
86
400
170
327
29
312
39
113
8
190
717
319
136
341
10
95
111
7
33
52
123
9
41
28
227
8
106
125
7
226
80
369
71
373
31
37
594
198
64
96
93
17
62
346
7
514
222
787
114
554
151
35
181
256
368
39
14
31
17
513
26
393
26
154
123
158
190
32
24
148
184
41
22
47
182
56
12
471
370
314
114
20
255
444
31
17
188
196
237
35
0
195
101
8
92
192
302
227
140
28
7
12
36
441
14
265
121
13
8
127
170
17
98
525
86
74
118
125
47
0
3
147
415
73
321
19
486
221
16
317
19
176
75
134
129
127
347
530
1
64
288
74
61
3
197
146
218
1
