72
58
55
92
54
57
100
100
82
10
24
66
100
39
100
70
33
78
10
74
72
100
94
28
66
77
58
100
32
30
66
71
100
42
62
100
24
34
26
90
32
100
26
100
57
43
25
92
12
66
86
57
100
100
62
100
100
100
34
85
73
86
100
100
46
26
55
86
43
100
10
2
4
33
40
100
100
27
77
20
36
50
27
100
38
90
66
20
50
100
55
46
100
55
34
58
12
55
34
100
100
39
100
58
100
46
100
58
28
100
100
40
100
100
100
66
32
42
28
65
72
34
26
54
72
34
20
50
100
48
6
3
46
100
47
100
74
2
86
90
100
27
100
62
45
72
26
41
34
34
100
43
40
52
62
66
28
20
2
71
78
100
32
58
2
90
100
63
100
2
94
100
10
100
28
31
1
42
100
70
26
100
32
100
62
62
100
71
2
100
28
72
32
28
100
52
98
10
52
52
14
42
28
46
100
28
13
74
27
67
20
36
100
54
100
86
55
100
40
100
100
85
100
42
70
71
20
90
72
38
62
100
1
100
100
26
100
64
100
61
72
22
38
6
86
72
100
100
100
100
90
87
100
100
23
62
72
33
23
20
100
58
2
100
100
1
42
46
57
100
58
90
32
54
100
100
1
50
55
46
50
100
100
1
48
12
45
34
72
32
73
100
100
58
13
39
70
100
2
2
100
6
72
32
100
100
100
58
100
100
100
70
54
66
50
12
66
100
100
25
100
100
50
100
100
58
67
64
71
46
92
100
100
32
71
62
67
40
100
20
50
20
100
33
64
86
92
14
13
50
46
28
33
52
65
90
50
50
57
100
100
100
62
6
100
100
90
100
30
100
100
64
72
100
100
50
26
2
55
100
70
20
100
34
20
20
100
24
62
10
58
12
42
46
100
100
31
84
42
71
86
22
100
100
100
84
43
62
33
27
32
100
58
34
100
2
1
55
46
22
65
2
63
100
72
100
67
86
6
78
85
54
6
57
100
12
100
100
77
62
70
27
100
72
100
46
25
33
25
46
58
72
32
13
46
34
65
2
28
33
100
86
57
100
42
86
100
100
72
100
100
22
24
71
42
95
42
100
58
62
62
54
62
100
14
100
85
1
100
72
54
72
58
100
100
22
62
86
100
86
72
72
100
46
86
54
62
100
22
2
97
1
82
34
13
58
66
100
12
100
100
32
62
28
100
100
72
34
100
34
7
74
33
100
71
34
100
30
100
100
100
54
32
90
42
6
52
72
31
71
12
52
1
100
100
98
90
64
100
58
100
33
62
25
42
62
72
67
40
46
39
13
28
66
62
100
100
86
100
72
52
52
50
40
62
25
100
6
90
55
100
52
22
100
46
20
62
90
100
54
33
100
32
100
54
90
55
20
58
52
100
10
38
100
58
52
100
32
86
32
22
1
48
19
54
30
15
32
100
45
64
83
27
100
42
33
92
100
100
52
34
72
42
100
22
100
34
100
100
78
100
46
58
45
100
52
100
22
100
42
100
86
54
42
52
27
86
50
2
100
100
100
52
25
58
25
100
68
46
52
100
100
65
28
28
62
62
85
28
100
100
100
27
28
54
72
73
100
60
33
100
100
22
28
2
88
73
86
100
20
100
86
100
100
100
70
100
15
2
100
52
62
100
50
100
54
22
32
52
22
10
22
34
100
62
52
100
100
42
40
100
100
100
6
54
12
94
31
26
36
52
62
100
30
100
66
15
42
100
43
42
100
100
42
40
32
22
100
6
27
100
100
100
62
22
78
73
92
100
100
70
13
100
100
100
86
100
100
90
100
92
62
43
32
67
6
100
42
38
100
100
43
100
46
49
46
100
42
62
100
12
46
100
86
100
32
100
32
100
58
12
58
64
100
100
100
62
72
32
34
58
34
2
58
20
38
34
100
72
70
12
86
6
2
72
33
86
100
73
84
100
2
34
100
78
64
38
90
100
32
46
100
86
11
27
26
100
1
23
100
100
64
98
7
22
66
100
12
100
100
58
58
86
100
14
33
92
90
100
100
43
6
44
42
65
57
64
86
30
22
27
100
27
14
40
1
100
58
100
26
100
2
65
72
2
62
22
6
100
34
22
72
72
22
100
100
58
42
52
66
100
28
100
64
100
55
100
52
27
46
100
72
100
6
45
55
100
42
100
6
72
100
54
42
66
78
100
12
37
98
62
13
100
26
100
24
13
34
58
86
78
71
82
26
26
77
34
7
46
12
100
100
100
6
12
100
56
86
100
24
100
42
30
54
82
27
100
70
78
6
