1000 1000
12 60 42 92 70 14 64 82 82 57 91 10 42 32 59 41 82 34 72 82 18 38 69 42 32 44 8 50 91 22 18 77 2 51 2 70 2 54 6 96 29 93 82 28 18 4 58 46 32 75 82 2 34 90 58 38 92 98 90 62 10 79 62 89 22 28 64 51 45 76 38 22 11 72 62 86 39 50 62 44 11 82 62 33 64 82 75 76 14 92 66 70 8 33 50 29 22 55 40 34 38 22 78 85 98 67 48 67 68 16 44 20 90 94 2 26 22 26 27 78 28 2 6 100 18 32 92 10 53 42 36 21 38 82 80 41 74 42 97 78 14 61 2 42 22 14 27 47 30 30 14 98 22 52 24 68 77 36 88 34 12 48 92 10 78 72 5 50 14 92 47 38 80 30 59 87 32 24 70 6 28 72 44 5 94 3 52 72 58 6 2 22 52 18 2 89 93 2 38 38 23 38 86 86 6 14 46 11 36 31 73 94 15 86 82 98 7 42 26 78 32 4 58 38 27 62 44 90 57 31 18 6 88 82 16 6 77 52 70 26 36 38 38 20 26 18 67 44 54 90 98 17 34 89 14 18 38 52 48 82 92 42 97 7 82 94 50 67 18 30 78 95 66 98 22 2 88 32 34 26 27 67 46 19 90 26 65 31 42 29 42 22 3 87 47 10 42 60 42 42 72 88 62 2 8 52 22 26 42 62 34 84 32 77 47 28 55 52 70 82 98 30 32 94 58 50 58 60 27 90 6 12 2 38 30 87 94 31 58 85 86 84 86 80 76 76 12 13 97 10 67 14 94 2 6 74 22 93 74 54 72 30 62 56 32 47 81 60 92 48 94 10 42 2 12 8 34 47 99 5 20 26 66 46 22 68 97 60 50 52 42 58 46 92 10 58 74 62 31 70 58 40 92 91 33 4 35 82 14 15 54 14 6 52 98 46 88 74 40 22 58 12 62 8 80 53 62 22 66 12 65 26 87 62 47 34 76 80 52 90 80 22 27 78 22 70 12 97 2 7 86 2 6 19 43 66 51 27 6 94 46 44 74 54 72 22 52 86 92 52 37 18 18 22 92 34 27 73 82 46 84 46 2 42 44 54 18 62 78 4 94 22 52 27 82 79 29 7 22 42 86 2 60 94 63 30 43 22 90 14 9 62 82 54 33 22 22 72 58 2 70 36 75 62 9 76 33 62 32 82 50 20 14 82 2 26 90 7 36 82 62 11 64 20 6 36 47 33 64 2 8 2 92 54 92 4 6 60 38 88 14 33 66 66 14 42 98 71 22 33 87 67 28 30 86 40 1 52 14 47 2 2 94 4 95 2 57 50 54 6 46 85 42 26 89 58 82 2 82 97 70 68 70 42 58 6 4 47 72 93 86 10 46 46 22 73 22 78 98 32 70 64 47 82 18 62 94 30 38 18 100 1 2 4 67 42 52 78 89 50 14 6 90 42 62 96 34 41 62 57 17 43 57 10 52 30 55 50 2 20 88 2 64 2 21 26 21 68 2 50 32 82 42 50 2 79 82 22 52 42 46 22 83 81 92 21 74 72 74 38 64 22 46 8 22 22 47 72 15 31 80 29 50 64 58 8 63 94 70 2 94 65 39 80 64 12 85 67 82 4 90 62 22 12 8 2 64 53 36 14 27 90 34 34 33 70 34 40 98 96 15 31 60 12 92 78 22 38 6 36 42 68 70 12 13 62 30 70 10 86 78 92 31 58 77 10 78 42 27 88 98 45 45 28 38 52 38 54 28 24 49 90 19 40 38 90 2 46 54 32 8 38 79 10 30 5 52 68 70 77 37 71 25 82 61 72 34 65 66 6 64 14 62 74 2 15 14 22 85 78 58 58 98 51 17 78 99 30 38 62 52 70 67 11 52 12 22 10 2 70 14 62 86 22 65 57 74 34 58 42 40 76 34 48 92 2 90 61 98 24 52 42 60 37 4 64 47 23 28 21 90 30 96 84 25 47 67 54 82 14 8 76 88 38 98 14 94 97 12 98 91 62 74 30 14 82 58 86 86 18 44 50 29 11 6 74 50 8 37 7 40 70 6 62 50 10 48 4 2 42 58 22 45 83 27 90 86 92 88 22 75 42 22 34 74 27 20 86 74 56 41 27 19 82 42 94 66 22 92 12 72 18 58 2 31 82 27 58 87 70 70 18 77 86 58 11 70 50 72 42 44 90 85 72 50 50 61 34 26 38 27 64 70 96 5 45 27 89 100 52 44 18 4 86 97 32 18 42 22 52 
1 513
1 863
863 438
1 791
791 137
137 99
137 686
686 983
983 615
1 733
733 637
637 773
1 480
773 429
773 130
773 148
429 576
576 286
286 95
95 986
986 633
986 374
374 549
374 500
429 321
500 855
500 125
549 851
633 72
429 186
186 547
429 39
39 329
39 866
39 849
849 577
849 262
262 902
902 249
902 16
16 877
186 188
855 875
855 950
875 378
875 25
875 559
378 94
94 518
378 465
378 976
465 741
465 481
465 284
465 213
465 275
284 143
284 783
783 212
212 939
783 105
741 829
741 451
451 797
797 318
559 673
673 591
559 109
673 220
220 710
559 113
559 17
875 204
204 736
736 282
282 623
673 756
282 343
282 777
343 333
576 281
576 947
576 911
911 496
496 337
281 347
877 693
877 846
846 680
680 37
37 951
37 431
37 511
511 953
953 878
878 398
680 618
618 427
321 517
517 452
517 469
321 287
321 272
287 502
287 821
821 705
705 545
287 854
287 564
287 516
502 218
502 497
502 610
502 479
502 205
479 129
502 538
538 856
564 552
564 679
564 672
672 968
564 807
564 666
672 655
655 796
655 764
564 131
564 40
564 683
968 588
588 62
968 228
705 106
705 456
821 619
821 244
479 884
884 260
479 428
884 781
781 931
931 642
655 689
689 688
688 291
291 802
642 787
244 949
802 695
802 410
410 583
410 649
583 49
49 171
49 26
649 170
649 963
170 805
649 442
649 370
370 350
649 33
442 936
170 15
170 303
303 65
170 817
65 942
170 617
617 357
170 970
170 860
860 557
557 681
681 592
681 246
246 770
860 85
860 524
860 891
26 530
530 676
530 264
264 961
264 632
961 439
961 127
264 76
264 813
264 699
632 348
348 190
632 663
131 509
131 709
131 325
131 257
131 23
23 55
131 32
538 789
538 784
538 436
538 128
538 660
244 426
805 193
805 407
805 269
193 248
193 668
248 418
248 104
104 734
681 723
681 417
681 606
606 890
890 906
606 765
606 760
606 277
606 155
606 832
683 315
783 154
783 493
343 276
577 718
577 647
647 624
647 774
774 543
543 489
489 382
382 408
408 587
587 235
235 494
543 335
335 604
604 574
382 443
443 194
443 98
98 560
98 754
560 225
754 66
754 52
754 579
443 298
225 167
754 894
894 601
894 327
327 822
822 251
98 994
98 782
994 446
446 320
994 570
570 1000
782 209
570 806
806 800
806 580
580 51
51 903
1000 541
1000 48
570 987
800 561
561 9
800 238
9 11
561 715
715 403
561 921
921 527
921 795
715 185
403 990
580 483
782 240
240 743
782 270
743 6
743 91
527 589
589 630
589 114
114 522
522 64
522 998
630 184
630 302
302 46
64 504
64 77
64 81
990 613
990 726
726 933
726 597
597 331
331 97
331 929
987 638
987 381
987 958
958 690
690 368
580 239
597 964
597 87
270 149
149 316
149 982
149 45
504 763
504 955
579 122
48 778
778 609
778 643
643 389
48 68
48 3
389 985
778 943
943 992
992 425
425 253
778 119
778 948
992 566
609 775
775 460
609 61
460 608
608 217
460 411
411 289
61 864
608 514
514 448
448 142
142 540
540 222
609 641
609 440
440 10
440 670
670 959
670 447
670 873
873 79
79 847
440 206
440 256
440 56
440 634
440 299
299 904
256 265
670 744
670 306
299 944
299 612
299 60
60 938
60 887
60 747
747 301
301 535
301 369
301 788
301 819
819 533
944 243
944 771
771 729
771 117
938 803
747 572
572 521
533 328
533 779
779 616
616 108
108 916
916 201
779 373
328 945
328 536
373 198
373 901
901 937
937 89
89 58
58 288
937 562
562 818
901 304
901 145
145 219
145 858
145 261
945 462
945 120
120 594
535 614
108 187
187 895
895 528
528 139
528 991
614 405
614 237
237 224
224 896
614 657
803 42
803 651
651 390
803 118
803 755
755 18
18 71
71 399
399 59
399 978
59 785
803 758
803 565
758 714
565 721
758 232
232 930
232 467
232 434
232 158
158 461
158 279
279 400
42 485
279 457
118 842
243 210
210 867
243 719
243 730
243 919
719 419
419 753
210 620
895 234
71 507
507 324
507 365
365 361
365 568
361 975
361 640
640 977
975 611
975 644
977 233
361 138
361 166
361 880
880 707
640 319
640 229
319 259
229 897
166 555
555 334
166 635
166 581
166 470
581 208
470 207
635 962
208 922
922 910
910 845
845 358
845 386
358 214
358 151
358 898
208 294
229 725
229 766
229 221
229 195
195 997
195 840
195 780
195 912
912 250
250 93
250 941
250 466
466 814
466 181
181 786
181 278
181 491
491 716
181 899
899 831
786 631
831 160
716 917
716 595
595 762
762 309
840 648
648 371
716 499
499 960
716 717
648 740
740 687
278 401
401 682
401 636
682 476
786 263
181 918
780 537
780 834
537 136
716 879
716 394
879 252
716 226
716 980
226 414
879 934
934 798
997 827
997 422
422 172
181 267
631 14
631 202
202 444
202 297
297 383
899 308
899 810
810 420
420 701
810 7
7 336
810 869
701 751
7 346
7 180
346 972
259 258
259 969
259 732
259 539
259 837
539 392
837 769
969 605
837 548
837 290
837 808
837 123
780 659
659 654
654 157
654 737
780 792
792 367
367 111
367 645
367 126
645 326
737 984
984 889
157 323
323 88
323 914
323 909
323 677
909 981
909 735
909 4
909 86
4 603
603 112
603 812
603 339
812 455
112 387
831 669
917 50
917 393
393 395
393 628
628 532
532 90
90 191
90 53
53 12
191 375
191 893
191 453
375 656
375 512
512 362
362 815
656 21
893 996
996 254
254 920
893 652
656 295
656 236
236 344
344 925
344 905
512 816
512 454
905 29
29 639
29 551
639 159
532 424
375 242
375 27
242 397
242 498
498 241
242 667
242 811
498 313
397 923
923 13
923 772
923 352
845 973
845 844
90 626
90 354
354 38
354 750
354 147
90 554
554 874
874 708
708 156
156 974
974 928
874 824
974 488
708 838
708 563
563 776
708 525
563 345
345 24
708 406
406 531
531 696
406 116
345 134
531 490
294 30
294 646
294 161
53 857
339 600
339 146
146 96
3 661
3 231
254 924
254 199
924 449
449 355
449 575
575 216
449 34
575 956
216 312
199 404
199 57
201 823
201 602
602 952
602 41
602 44
823 801
823 176
176 882
882 353
823 182
823 739
739 388
388 314
739 196
739 622
622 67
739 102
622 698
176 377
377 720
377 435
435 115
720 103
103 799
799 694
694 569
569 140
694 5
694 745
694 70
103 2
393 868
166 441
166 650
441 573
441 409
182 702
182 926
708 627
627 366
594 593
593 607
514 505
505 940
940 724
724 22
724 957
957 761
957 475
475 876
876 495
495 356
22 486
486 402
876 430
22 749
22 653
653 412
301 19
301 658
301 550
301 529
301 927
301 767
767 330
330 662
330 861
861 293
293 665
301 506
529 596
596 759
759 484
529 189
484 421
484 141
484 556
421 515
421 711
711 162
556 413
556 793
793 133
413 28
484 830
830 804
830 520
520 255
484 746
746 599
599 508
804 567
599 342
342 836
836 965
965 384
384 423
965 881
881 519
519 553
553 396
255 768
768 376
520 999
508 468
556 54
556 477
468 322
468 273
322 674
674 526
674 712
674 432
432 31
674 110
526 935
526 883
526 728
468 503
468 280
255 75
75 988
529 598
529 544
529 692
692 197
197 684
197 80
544 341
544 482
341 310
310 558
341 892
892 165
892 738
165 459
738 971
738 700
738 946
738 473
738 437
738 379
738 173
738 697
738 966
738 107
107 445
738 463
173 703
463 870
463 20
20 590
966 169
379 748
748 372
748 913
372 794
794 523
946 300
300 177
300 317
300 691
794 542
794 247
794 664
664 364
870 69
69 359
359 332
332 578
69 178
20 993
993 349
993 266
332 92
332 501
501 625
445 757
445 179
700 492
700 245
492 979
492 227
492 211
211 713
211 230
230 989
989 391
989 152
700 101
101 84
700 839
839 163
163 675
163 510
510 192
700 629
101 340
445 685
445 285
713 862
862 223
862 74
74 843
843 809
223 915
223 722
722 271
722 621
621 932
621 458
722 363
722 35
35 885
885 307
885 215
215 338
885 865
865 586
215 487
35 859
35 752
752 908
35 871
752 73
752 83
83 995
752 268
752 872
752 153
872 464
153 47
153 967
153 742
742 183
967 135
135 790
967 546
790 296
296 727
296 853
790 351
790 954
954 63
954 584
954 168
168 100
351 144
144 731
153 132
153 150
150 907
487 43
464 704
47 415
415 274
274 36
915 841
841 582
582 292
841 585
585 311
582 886
841 852
841 478
478 360
841 175
841 305
175 121
175 200
200 203
200 164
164 124
124 888
124 835
888 706
706 833
888 678
888 82
888 8
888 848
888 825
888 472
8 416
8 534
534 474
706 78
474 826
826 433
433 820
433 174
474 385
385 283
848 671
671 380
380 450
78 900
78 850
78 571
78 471
471 828
89 66 18
191 695 33
326 863 27
415 403 31
704 497 23
711 191 21
831 93 22
792 366 48
903 781 20
373 853 2
895 157 8
993 325 25
212 284 13
835 579 12
200 600 43
601 70 19
952 970 13
806 469 14
75 381 2
649 729 26
746 435 12
754 940 22
97 252 37
783 368 11
148 185 15
46 789 23
878 683 10
844 200 40
133 344 17
712 922 9
545 508 26
170 985 23
823 423 23
708 663 24
179 867 12
10 515 27
243 834 4
16 543 3
213 618 5
876 954 33
345 61 10
859 992 39
829 430 8
535 435 20
29 410 36
199 389 16
105 654 12
923 80 32
438 574 3
500 203 36
877 306 21
85 840 25
217 984 34
365 895 19
842 130 18
98 803 26
222 971 32
376 958 26
184 321 11
398 717 42
73 781 37
393 341 22
310 528 28
766 320 35
260 473 16
48 282 6
904 55 14
948 784 21
355 417 28
932 98 31
737 713 3
690 105 2
720 63 3
574 629 9
985 870 6
858 372 21
361 605 30
723 903 8
88 438 38
501 755 3
919 131 9
628 113 30
539 587 4
682 937 41
448 352 14
631 672 38
479 864 18
169 469 5
672 284 9
674 692 22
76 240 14
192 736 23
740 628 40
854 732 21
997 489 9
813 486 25
191 343 6
282 752 28
597 250 8
435 466 37
296 520 39
681 223 16
924 714 42
146 589 24
700 44 34
422 91 13
483 763 28
721 592 21
784 22 8
822 290 36
132 646 42
855 504 13
755 136 34
574 390 26
477 320 24
170 18 25
74 452 12
662 744 4
959 476 6
6 456 15
587 898 22
845 624 12
842 153 7
122 307 18
630 133 19
15 912 13
796 247 6
7 361 5
9 897 24
107 794 5
227 286 2
186 1 1
539 998 14
265 423 21
854 495 13
42 117 21
20 67 14
771 387 2
547 406 42
157 39 34
252 772 49
690 781 5
940 599 28
927 376 9
137 821 4
348 443 21
516 608 4
941 573 3
405 619 10
883 646 11
258 847 20
200 259 16
654 559 21
185 137 13
179 13 28
589 805 21
992 198 6
571 297 6
996 121 1
4 699 40
241 503 33
147 504 44
704 537 12
342 925 26
772 132 3
298 34 38
168 550 46
300 505 12
553 628 40
148 740 2
345 711 35
237 450 36
770 247 5
61 209 22
314 545 10
479 825 13
321 922 1
724 895 7
118 100 33
961 113 18
505 773 3
30 747 21
839 89 8
464 317 40
627 51 24
454 65 38
189 849 27
496 557 12
754 777 2
67 598 17
606 593 12
973 426 34
408 266 6
258 497 8
814 460 23
625 494 16
666 249 10
868 455 3
456 537 19
959 976 19
234 727 3
11 591 15
917 598 8
697 583 15
725 495 27
752 702 7
541 732 1
695 485 27
933 680 6
103 819 7
621 60 1
400 173 7
887 722 30
383 246 30
728 473 22
629 408 21
623 892 23
804 685 27
849 8 16
483 989 26
59 245 18
823 896 13
192 301 24
273 576 14
934 793 21
152 606 35
979 823 3
186 293 26
806 101 15
449 222 16
872 342 14
876 396 31
64 637 1
510 595 32
944 299 4
545 455 11
19 221 28
355 291 37
165 727 44
805 858 24
426 534 36
45 271 4
71 760 15
161 315 3
743 859 25
533 712 10
972 201 31
415 483 40
60 804 14
850 495 45
543 377 25
694 244 37
35 562 39
239 870 22
44 350 8
848 356 24
74 660 30
772 574 16
801 170 7
913 624 2
527 24 46
519 401 22
358 14 1
98 572 20
179 597 27
189 321 1
512 125 26
294 875 23
236 408 28
541 768 28
522 636 23
467 90 22
323 965 11
110 986 23
854 784 6
653 658 19
248 231 1
386 8 22
107 167 13
895 902 13
490 779 21
138 207 15
600 387 19
474 26 1
492 345 20
490 265 4
544 772 19
530 149 10
380 947 38
223 898 12
982 124 28
503 353 28
614 243 27
104 421 23
348 760 5
489 416 12
242 584 39
58 624 34
886 629 1
191 673 3
945 232 28
760 830 4
972 417 43
688 732 8
510 187 33
714 453 28
529 27 31
787 42 19
330 471 26
620 367 26
230 892 27
491 665 17
992 311 15
370 516 8
682 319 6
974 527 2
988 25 33
66 656 46
30 758 26
736 445 7
774 239 13
73 521 27
940 855 16
83 598 34
299 565 6
842 549 20
64 718 14
801 248 28
285 76 32
284 273 21
667 515 34
220 939 17
394 454 28
306 701 8
668 263 38
829 512 42
171 618 16
504 839 10
63 162 45
211 99 5
295 866 28
996 317 6
459 664 33
518 412 11
551 866 38
947 799 34
863 925 52
779 267 3
995 922 4
765 220 15
933 197 9
770 139 13
773 87 8
746 604 12
426 841 31
285 505 17
797 455 32
614 111 14
988 254 24
139 28 25
941 59 19
498 252 40
165 191 21
870 551 4
814 721 39
252 972 40
480 989 36
369 262 27
627 714 8
289 761 11
298 477 27
773 253 17
732 752 25
818 289 22
403 395 35
405 191 20
911 179 6
428 647 2
389 109 20
744 718 21
738 13 28
700 429 3
404 138 50
822 303 9
428 84 4
434 523 4
136 107 37
246 240 6
772 728 31
379 571 2
159 129 36
494 893 3
906 717 22
725 760 21
566 217 12
596 415 26
886 497 14
214 836 24
377 877 14
676 222 27
726 897 24
806 354 6
481 500 12
898 184 35
380 425 36
701 708 11
230 924 21
170 691 23
951 419 6
303 101 7
150 14 13
461 448 24
120 321 16
526 426 13
621 91 32
670 113 2
689 485 1
184 333 21
638 221 11
837 765 7
106 320 12
411 154 2
105 495 30
443 849 14
707 40 27
685 982 25
693 856 12
126 921 26
41 439 2
120 548 19
280 901 14
703 576 17
683 329 1
716 131 25
36 607 44
905 829 9
261 230 26
575 669 41
597 789 21
252 6 23
383 328 19
290 953 8
441 866 34
26 977 34
30 294 10
445 347 17
551 192 16
209 921 2
804 354 9
277 843 22
908 598 11
434 527 14
124 751 15
524 755 3
146 272 22
984 81 13
705 686 9
258 13 1
777 526 11
925 791 22
88 250 20
977 429 29
667 663 39
56 844 35
315 442 3
382 659 24
491 717 19
459 450 29
311 166 22
142 565 17
486 452 30
139 641 4
752 85 8
734 674 35
894 431 10
272 154 15
804 733 13
736 465 15
954 579 21
224 487 14
854 723 9
618 540 15
330 664 8
614 533 16
141 734 4
847 568 24
858 467 14
935 878 1
628 887 31
555 702 18
692 113 22
424 232 21
890 58 27
339 167 34
812 529 36
697 722 1
501 634 10
323 883 29
782 528 26
118 32 25
147 49 43
187 387 23
603 306 41
744 205 11
666 367 36
907 953 28
388 790 17
998 81 9
993 21 10
222 652 1
78 10 25
617 443 1
287 129 4
108 897 7
160 153 3
759 49 21
146 260 35
820 78 24
609 90 2
1000 470 23
267 537 9
546 577 11
717 890 34
559 476 14
456 576 8
764 49 16
705 187 25
170 314 13
722 43 43
218 499 16
789 582 5
484 352 31
673 120 11
38 424 26
442 903 21
562 16 11
100 360 44
313 925 5
373 567 14
508 887 26
598 198 11
272 308 22
195 943 5
342 597 24
846 843 15
278 65 3
62 650 18
688 362 41
886 513 13
891 679 8
791 539 4
233 194 13
246 574 1
429 917 40
308 600 40
538 547 7
778 635 15
197 660 21
668 95 20
442 364 26
521 844 38
748 186 10
496 200 29
429 208 6
704 970 20
103 868 23
293 26 28
745 732 18
95 983 6
312 479 25
472 465 20
147 957 5
370 657 8
798 968 31
369 760 23
79 862 24
644 338 34
351 949 43
644 979 29
254 16 38
15 494 10
892 291 14
284 911 10
580 99 11
790 669 27
333 682 9
489 837 26
770 725 3
831 419 23
822 951 13
507 100 41
65 489 8
43 878 8
217 769 29
528 781 15
487 426 6
273 543 15
29 670 30
163 317 34
494 719 10
291 124 13
31 414 35
485 966 5
690 234 27
206 676 16
327 232 17
689 310 16
554 860 7
624 660 7
246 364 25
82 579 38
515 115 3
941 89 11
126 738 35
296 462 15
337 336 23
419 231 16
777 49 5
764 271 38
166 82 10
504 536 3
670 170 1
824 977 8
943 15 4
264 24 33
857 591 16
451 735 8
4 852 14
627 136 37
849 686 6
155 182 29
968 683 4
158 480 7
455 283 49
548 860 17
417 917 16
522 354 37
861 301 6
265 64 24
850 321 25
795 291 9
44 647 22
497 132 21
798 19 32
521 541 1
514 603 34
523 911 12
918 928 36
324 635 34
747 642 25
509 583 13
143 178 24
668 411 18
783 703 20
242 199 39
637 607 17
759 434 23
363 445 1
938 84 31
60 360 9
231 468 27
835 837 32
863 118 17
607 271 10
235 410 9
264 317 8
509 252 38
113 696 35
181 976 2
14 207 34
466 960 40
468 611 29
764 983 7
753 814 4
415 700 8
400 345 7
59 743 31
752 374 34
454 372 22
861 613 8
922 297 25
921 68 21
972 765 37
619 133 8
180 587 9
47 996 31
873 398 22
58 106 31
937 924 11
57 570 37
70 862 39
165 845 24
764 843 7
875 339 14
366 853 30
508 3 13
192 82 14
834 965 28
321 558 17
65 586 16
727 880 36
179 45 33
685 92 3
497 44 10
740 686 2
77 560 12
6 820 29
655 267 37
74 177 36
848 68 3
63 419 38
589 230 24
68 601 17
837 152 37
346 657 40
717 324 9
575 265 50
663 561 6
157 901 1
470 759 23
269 119 14
25 423 30
101 179 8
409 226 6
819 149 19
97 544 13
72 42 4
654 806 7
230 97 15
237 891 5
110 970 3
761 858 3
457 289 3
60 279 27
872 21 34
378 802 10
226 626 33
879 334 33
76 644 16
333 450 26
71 674 23
354 69 41
656 21 15
343 795 3
379 436 18
565 397 4
925 339 27
826 149 9
606 692 9
71 279 6
254 734 32
794 917 21
828 610 48
676 907 12
161 923 39
79 681 25
276 699 5
477 634 7
413 271 29
613 250 10
916 862 10
168 742 20
645 759 30
498 274 25
347 83 18
673 207 11
701 699 10
975 943 17
632 299 3
489 799 7
307 100 12
706 351 32
233 491 19
901 592 26
255 610 7
18 428 24
839 121 11
498 292 43
182 738 31
844 801 37
8 308 29
326 94 5
652 775 46
997 646 37
285 726 27
954 680 44
785 64 27
432 177 28
926 388 3
534 92 46
773 282 13
305 846 30
419 449 18
556 847 4
335 511 14
235 689 2
356 959 23
577 187 10
402 774 6
198 466 27
123 631 29
857 68 14
89 195 25
84 680 18
729 931 13
666 454 25
446 778 12
630 729 6
31 321 24
27 541 45
998 327 1
98 729 4
198 369 19
262 317 26
327 441 33
471 113 16
609 66 12
658 307 6
148 648 37
763 474 25
778 1 3
333 532 37
168 284 40
843 674 25
202 507 36
489 749 24
994 816 26
740 911 31
125 732 11
646 411 6
465 821 9
617 242 20
237 824 2
936 932 28
920 947 7
981 478 18
407 722 13
601 998 24
68 44 14
548 98 18
603 362 6
706 527 31
355 890 6
260 635 2
576 788 21
789 556 12
47 236 41
728 126 35
671 662 19
286 342 29
836 965 7
568 52 1
55 905 21
18 635 16
798 109 43
618 526 27
98 346 10
215 209 27
80 883 35
981 76 15
46 643 6
294 440 33
169 346 26
151 553 5
878 581 8
534 936 10
703 450 47
645 970 1
634 176 5
506 241 40
984 626 40
258 647 21
36 846 44
781 386 5
183 755 5
131 553 27
989 292 24
596 21 3
300 896 31
633 204 13
105 354 40
796 553 23
840 381 21
151 719 35
198 892 2
277 144 18
656 589 38
447 835 24
2 89 27
446 202 37
455 927 15
431 40 2
190 210 18
250 666 15
817 547 8
377 86 20
477 343 29
459 72 32
982 649 7
594 243 2
922 494 8
189 958 26
852 666 9
602 128 7
410 109 6
125 168 1
280 562 24
86 465 35
734 33 12
451 285 10
439 85 13
633 437 2
676 951 14
773 155 15
256 113 2
713 771 9
862 34 10
805 403 2
60 179 29
496 135 14
179 821 5
822 921 9
625 14 24
833 219 7
845 915 35
554 776 49
203 17 32
918 633 20
603 517 24
374 315 9
477 959 17
86 336 7
768 459 22
73 62 30
583 469 14
76 933 18
636 221 16
378 438 12
856 726 9
469 685 15
858 748 23
898 455 17
766 90 25
601 856 4
986 228 3
33 349 21
124 616 42
29 297 11
384 364 35
452 894 3
283 801 24
288 675 26
189 832 20
374 470 16
269 446 18
132 286 37
284 518 9
21 594 3
910 812 11
590 698 19
352 15 40
944 786 2
12 414 43
577 851 4
652 279 32
592 529 6
113 34 8
759 95 11
459 760 24
36 679 41
526 513 32
592 548 37
322 292 21
792 1 8
378 968 3
224 901 9
931 233 12
784 15 2
892 964 8
76 639 8
852 729 27
768 86 30
390 533 21
460 807 2
191 985 4
599 240 25
402 145 15
774 471 34
459 969 24
85 9 5
82 915 24
257 657 12
723 21 21
457 660 19
123 820 35
329 411 4
501 979 24
488 166 14
402 291 31
619 52 3
