311797
311797
234461
516523
353785
353785
234461
234461
428245
501285
501285
594566
532971
501285
637741
637741
721537
626795
626795
626795
594566
594566
635851
637741
637741
637741
635851
594566
594566
594566
594566
635851
635851
635851
594566
594566
594566
594566
594566
635851
635851
635851
635851
628431
628431
617573
617573
617573
617573
628431
628431
680240
687316
687480
687316
635851
635851
680240
680240
680240
635851
635851
635851
680240
680240
635851
635851
635851
635851
632251
635851
632251
600833
600833
600833
600833
581201
600833
478217
566597
566597
509676
507201
507201
509676
507201
509676
507201
507201
507201
481381
432833
481381
481381
481381
432833
481381
481381
481381
481381
481381
507201
478001
478001
478001
481381
509676
509676
509676
509676
509676
509676
509676
478001
478001
478001
478001
468017
444017
449293
449293
449293
478001
501296
481381
501296
500961
500961
481381
481381
481381
481381
481381
468017
449293
468017
473808
468017
468017
468017
468017
449293
468017
449293
468017
449293
444017
444017
456876
449293
468017
444017
449293
449293
444017
440134
444017
440134
440134
425680
425680
440134
440134
440134
440134
440134
425680
440134
440134
440134
440134
425680
425680
425680
425680
425680
444017
444017
444017
444017
444017
440134
449293
449293
449293
449293
456876
444017
444017
444017
444017
449293
456876
456876
444017
444017
444017
449293
449293
440134
440134
440134
440134
442105
442105
440134
440134
440134
440134
436193
436193
442105
442105
440134
442105
442105
444017
444017
442105
442105
444017
442105
440134
442105
440134
440134
440134
442105
444017
444017
442105
444017
449293
456876
456876
456876
456876
456876
456876
456876
456876
456876
449293
449293
442105
