1
375
705
982
65
980
57
631
85
1
922
922
85
1
813
851
922
923
85
65
65
65
583
813
851
65
85
724
877
922
818
1
1
183
922
705
379
1
702
85
877
65
922
167
851
65
401
167
85
401
922
65
167
851
167
85
65
167
167
85
65
851
705
167
65
57
923
65
167
851
851
851
57
85
85
65
167
57
922
471
65
705
309
65
851
612
167
65
167
93
401
65
401
65
167
877
167
57
922
85
57
536
65
85
65
85
85
618
401
922
85
682
922
57
85
851
876
85
85
167
851
65
139
401
167
65
401
65
57
922
217
85
922
57
85
612
57
922
167
877
922
85
65
877
516
1
65
85
167
57
1
57
167
57
57
57
851
922
65
851
922
65
85
612
217
923
922
167
669
57
922
85
851
85
167
65
1
629
705
923
379
1
85
851
85
582
1
705
65
167
401
65
375
922
375
813
877
648
167
85
85
65
851
379
851
922
682
57
922
85
217
1
851
1
85
183
851
877
85
401
30
65
922
612
65
612
65
65
401
85
85
922
923
851
851
65
1
922
1
401
922
85
85
85
922
57
708
85
232
851
85
139
65
57
1
85
65
85
85
922
705
181
1
922
167
266
65
23
401
57
85
648
922
922
65
199
1
877
1
612
85
85
167
57
85
665
877
181
65
922
85
528
57
1
854
922
922
922
806
1
57
972
851
855
189
65
85
57
85
923
65
65
612
922
922
818
923
85
851
612
57
85
57
922
85
922
922
922
922
85
460
85
19
612
167
401
65
57
401
922
139
401
85
183
877
922
923
193
65
922
85
57
851
705
922
91
612
85
851
401
167
85
922
612
85
877
167
851
851
167
121
65
65
93
57
401
57
251
923
375
85
85
65
65
65
851
346
85
401
85
379
851
57
85
85
851
57
65
922
65
217
922
65
65
167
199
851
375
85
661
65
851
85
923
65
167
922
813
922
555
65
681
922
57
217
85
65
57
877
65
194
57
167
851
923
57
85
922
813
922
813
922
65
57
1
851
923
401
57
1
23
57
900
65
813
193
708
286
65
401
877
93
85
590
57
851
65
1
401
57
85
85
85
167
922
922
309
922
57
85
167
65
516
851
167
65
167
922
65
85
121
923
818
65
85
612
57
877
851
85
65
65
167
590
65
65
922
533
851
922
65
851
401
922
167
528
167
629
923
922
851
516
570
922
167
813
65
65
217
65
65
612
65
401
85
923
922
923
922
922
208
528
682
923
854
57
922
401
612
85
65
1
65
922
85
401
85
401
922
1
286
167
708
877
85
57
923
57
922
85
57
851
85
217
806
85
93
1
401
85
65
65
167
922
813
65
85
851
57
85
167
65
612
922
57
877
167
877
57
1
375
922
401
570
922
167
85
612
65
681
65
401
536
65
922
57
57
167
851
922
65
167
85
631
85
181
65
708
629
57
167
167
401
65
85
167
877
922
612
85
401
217
877
736
57
85
167
85
1
85
65
167
65
923
705
922
65
65
877
65
193
65
167
705
922
85
1
57
65
851
85
877
923
85
922
1
57
1
262
922
1
708
851
102
85
65
590
922
85
85
57
401
167
922
922
923
851
85
65
612
851
536
85
629
65
636
65
85
1
183
922
923
922
1
851
705
183
85
217
65
705
851
85
851
85
922
806
922
57
167
437
65
972
65
705
65
167
401
813
85
401
65
922
877
65
851
167
85
309
139
851
923
85
851
877
85
65
85
85
167
167
877
1
877
813
57
65
65
85
85
91
85
851
851
57
401
65
813
181
877
85
851
65
851
471
85
922
346
65
286
167
57
85
167
922
183
23
167
65
85
922
65
167
217
85
57
923
57
93
85
85
401
309
922
85
854
85
183
139
232
922
877
708
851
708
813
375
65
140
167
401
922
851
57
1
353
813
85
851
57
923
65
217
922
440
208
167
139
85
85
440
85
922
1
85
167
922
228
57
922
705
65
65
65
85
65
851
612
232
167
922
85
851
85
851
612
877
65
401
1
139
139
167
65
65
19
85
85
813
346
57
813
65
923
85
167
85
167
972
922
806
631
217
563
65
65
85
167
65
57
85
401
65
851
139
65
57
307
401
167
167
927
877
375
922
401
705
85
167
167
631
65
85
648
401
708
922
286
528
85
65
877
851
1
85
922
401
346
877
401
217
279
922
85
85
922
401
612
923
85
286
167
85
65
401
851
85
851
57
1
65
401
631
57
401
85
85
85
922
922
401
401
631
401
612
922
379
65
85
682
922
65
65
183
612
631
85
85
57
85
