1000
1 467
467 145
145 541
145 373
1 875
1 444
444 270
444 69
444 918
69 672
69 518
69 310
69 67
69 421
518 427
67 701
1 154
1 620
1 199
199 972
972 375
375 405
1 532
1 587
375 341
375 257
375 923
923 43
43 795
795 599
795 454
923 288
288 472
472 415
472 124
923 23
923 398
398 981
23 346
346 163
981 84
398 573
573 116
346 309
309 286
286 217
217 71
217 631
631 976
217 971
631 528
528 612
612 657
971 801
971 362
976 911
612 181
181 121
121 900
286 420
286 984
286 690
657 245
245 698
657 542
245 386
245 438
657 529
245 319
386 497
386 481
481 297
497 34
481 207
900 922
900 264
922 64
922 877
922 839
877 490
922 209
922 855
855 811
811 102
102 926
102 114
102 881
881 736
102 221
102 966
966 508
966 316
316 866
866 357
316 307
881 819
881 765
966 723
221 696
102 272
102 377
272 53
307 460
460 790
307 647
307 641
307 616
616 248
460 204
790 24
736 874
736 483
736 387
387 10
647 348
307 595
483 470
647 812
819 361
204 73
73 216
204 549
812 301
812 840
812 326
812 670
790 388
790 571
307 147
877 57
877 554
57 851
851 656
851 663
851 752
752 967
877 885
656 447
851 705
705 770
705 854
854 980
705 867
854 630
885 79
885 526
770 432
770 938
938 294
938 13
938 320
938 720
526 914
914 109
914 252
914 42
109 859
663 992
663 433
851 268
980 813
526 407
526 259
526 226
526 965
226 118
433 555
555 205
555 182
555 618
618 153
153 403
618 122
618 845
122 487
487 902
902 565
252 512
487 302
867 527
813 916
813 65
916 2
2 684
705 342
705 558
57 241
57 817
817 913
913 256
256 575
256 112
112 887
817 685
685 115
115 246
685 269
256 267
241 643
241 531
531 251
251 334
251 873
873 335
335 544
873 774
774 186
335 329
643 468
643 152
152 265
265 889
152 688
152 171
643 135
334 622
622 767
767 741
873 559
559 644
267 184
184 744
184 486
486 699
184 278
184 654
278 846
184 159
159 350
159 785
267 730
267 608
205 804
205 624
624 960
624 872
205 390
390 896
960 72
960 892
153 863
153 446
153 576
153 227
863 886
863 973
973 417
863 416
417 203
153 805
416 789
2 384
384 55
55 880
880 5
512 436
575 830
65 401
65 523
401 22
401 161
401 651
161 700
401 129
401 39
401 674
401 332
401 167
401 99
167 19
19 590
590 244
19 220
19 225
225 340
340 324
324 957
957 234
957 743
167 85
957 371
401 103
103 52
85 197
197 582
582 131
582 88
88 882
99 563
563 500
563 4
500 410
500 610
610 458
4 796
500 695
4 231
4 577
4 9
577 414
410 924
4 707
401 788
500 757
500 731
167 667
4 311
414 525
525 303
303 949
65 140
140 661
661 546
661 98
546 642
661 440
440 239
440 117
440 516
117 411
239 455
440 321
371 858
220 815
4 759
4 242
4 945
4 712
757 233
410 807
743 742
743 300
743 263
743 932
263 607
303 138
220 799
161 170
815 950
882 222
222 395
222 833
563 694
220 893
893 676
371 156
156 750
750 158
156 418
156 991
418 904
661 540
661 337
590 862
590 556
590 190
190 606
556 83
190 953
953 718
953 431
718 123
606 489
606 475
431 841
431 834
834 29
431 578
578 59
841 429
429 740
83 995
590 964
964 279
279 567
567 979
979 671
567 659
83 305
279 157
157 372
157 249
157 876
249 909
909 827
909 261
261 180
261 68
372 978
372 939
372 317
317 144
261 884
884 47
261 711
261 445
445 780
827 727
750 745
516 493
493 50
516 379
379 238
516 211
238 87
211 781
781 574
379 33
379 56
379 400
379 70
56 719
719 787
787 450
787 469
450 677
469 569
719 783
719 658
719 601
719 95
450 856
95 370
95 63
787 996
87 786
87 683
683 214
214 142
683 461
683 814
683 97
814 224
97 935
935 842
142 915
915 650
650 751
683 668
668 119
119 998
998 852
998 283
852 192
998 168
283 506
852 502
781 425
781 175
787 298
298 285
50 868
142 821
821 808
808 349
808 988
808 579
579 496
579 6
579 463
496 653
653 865
865 172
172 993
172 802
653 598
598 352
993 281
988 870
870 76
870 240
870 726
870 132
870 17
870 907
469 762
321 589
589 520
321 756
321 374
63 499
63 37
70 8
70 306
306 345
306 645
345 861
645 551
645 277
277 369
369 308
979 732
979 890
890 511
979 291
979 12
979 931
743 864
864 928
928 293
945 958
979 766
945 940
964 617
569 717
85 681
85 137
681 961
961 383
681 831
681 232
85 713
85 366
85 917
232 330
232 262
232 213
213 748
366 901
713 691
691 535
691 312
901 426
691 423
423 983
213 108
213 739
739 936
535 792
792 409
137 925
925 547
137 697
697 428
428 247
247 44
428 974
974 51
974 25
974 962
51 649
51 934
51 791
51 609
934 747
934 572
572 174
25 597
597 402
792 513
513 274
513 495
513 392
513 111
111 956
513 81
513 479
479 478
479 77
478 212
111 92
513 434
691 58
58 999
58 505
572 954
954 850
572 826
572 689
954 769
428 492
492 636
636 26
26 737
737 716
636 860
860 772
772 336
772 987
336 339
336 605
336 250
250 178
250 910
178 543
737 968
968 538
737 322
322 276
737 828
250 760
336 376
376 49
49 504
504 396
504 219
396 596
396 488
488 130
219 534
934 148
148 709
148 344
148 758
344 198
148 920
148 820
920 586
586 952
952 480
586 637
637 462
426 230
230 818
818 614
614 476
818 692
692 682
682 536
536 208
682 761
682 295
295 533
533 3
533 784
784 553
553 594
3 385
385 835
385 738
385 560
385 912
560 437
437 473
437 451
385 794
3 41
533 825
533 975
533 602
602 449
533 338
449 466
975 768
338 356
602 354
602 456
536 289
536 74
74 888
536 266
266 194
194 105
194 75
75 627
194 583
583 328
328 669
328 236
105 779
583 879
669 48
669 763
669 746
746 125
125 284
284 149
149 471
125 632
471 626
626 588
471 897
897 162
471 906
906 296
471 260
897 557
557 347
471 948
471 908
162 568
779 898
746 857
194 832
832 782
782 710
533 185
185 453
453 315
453 61
453 985
985 942
985 878
985 891
891 655
655 150
942 592
942 584
75 581
581 89
818 675
471 223
471 35
208 28
208 422
208 351
208 933
208 457
208 838
208 127
208 78
208 545
208 484
78 176
78 94
176 210
78 725
545 524
545 406
406 237
406 803
406 100
406 625
625 60
60 179
60 16
625 501
501 899
60 729
16 635
635 365
16 363
363 20
363 959
959 621
803 282
150 778
778 704
778 134
295 733
835 271
434 258
262 413
262 93
93 929
93 837
93 930
837 848
837 101
848 183
848 564
183 325
183 355
355 810
810 90
183 693
183 522
183 997
522 126
522 853
997 806
806 982
982 628
628 11
628 110
11 419
419 941
997 537
806 165
806 139
139 687
806 639
806 829
829 722
829 679
679 459
722 510
722 562
510 391
139 927
139 514
139 570
927 664
927 517
139 359
359 133
927 989
927 615
927 160
927 943
927 800
927 963
615 443
443 894
894 318
894 519
927 38
318 177
38 31
31 314
314 128
314 378
664 869
869 477
570 229
570 143
229 634
229 498
229 435
229 254
498 629
143 439
439 990
143 611
629 665
629 54
54 686
54 424
665 364
364 189
189 91
91 397
91 141
91 507
507 793
507 195
793 585
141 515
189 86
86 666
666 969
86 40
91 399
399 381
399 368
399 724
724 836
397 648
648 394
648 566
648 45
566 503
503 823
54 96
378 640
378 521
521 343
640 215
139 169
45 193
189 80
189 946
177 822
177 107
822 539
54 166
822 773
183 734
734 382
734 191
734 552
734 235
235 104
929 777
777 652
193 299
734 604
459 593
894 393
894 120
894 703
359 287
287 275
275 970
287 721
193 82
193 702
702 464
82 323
464 30
464 706
323 749
30 367
30 619
30 561
30 452
561 228
228 816
228 903
30 27
452 847
847 442
442 333
333 448
448 202
816 62
62 404
404 824
404 313
82 844
82 680
619 662
662 46
619 304
619 591
404 494
404 360
494 937
702 728
728 353
353 155
353 380
353 253
353 509
353 218
218 151
253 764
662 955
509 660
509 474
474 164
660 797
797 754
660 798
660 883
798 994
903 951
951 273
951 243
951 708
708 188
847 14
847 408
847 633
708 580
580 905
905 173
708 15
15 66
708 441
905 32
441 18
441 430
18 255
18 206
18 771
206 530
206 327
327 548
32 389
32 809
32 1000
32 977
32 600
32 7
7 921
977 623
66 482
548 986
986 113
548 714
714 638
638 776
776 331
776 292
292 735
292 290
292 485
485 465
465 919
919 895
895 412
292 200
200 196
895 947
947 673
977 491
977 136
977 550
638 753
638 775
775 849
775 843
843 201
775 146
775 603
146 280
146 187
187 106
146 646
187 21
187 871
871 358
358 944
871 678
678 36
678 755
678 715
358 613
1000
886 444
594 341
342 200
982 982
545 214
980 276
644 194
247 976
441 860
236 587
656 647
317 881
253 276
27 467
66 55
327 416
926 584
818 573
366 212
308 941
947 140
378 65
908 583
916 339
717 892
126 168
136 691
724 836
252 805
819 402
675 912
310 141
672 87
191 177
216 57
342 917
168 369
431 373
728 591
327 818
687 885
783 125
839 404
44 220
474 447
614 140
4 760
167 144
331 987
39 665
549 424
214 183
745 716
417 158
953 634
353 149
637 861
328 291
228 890
693 354
455 324
634 576
558 280
676 60
271 762
810 654
564 599
786 107
141 445
433 255
973 496
673 555
321 830
768 673
543 85
751 581
123 611
152 247
616 54
347 471
861 414
770 8
309 400
195 240
748 804
695 438
495 489
169 285
883 711
929 848
568 757
105 502
103 860
327 865
538 964
965 57
324 85
837 622
377 545
777 230
654 721
74 588
996 61
223 146
929 175
289 640
704 274
845 973
410 143
209 13
229 488
282 451
348 441
285 873
367 820
140 447
876 876
260 760
806 492
725 667
229 576
449 440
822 836
793 945
293 212
196 683
136 940
17 381
550 57
272 777
263 71
860 584
357 397
363 115
260 894
297 935
246 249
361 353
179 475
582 554
159 571
41 276
19 463
700 526
240 493
310 453
522 516
552 60
202 324
544 524
310 675
531 295
837 978
329 818
269 55
507 265
576 868
616 832
719 32
289 663
357 525
33 197
215 434
497 81
978 217
923 964
149 147
293 883
857 763
544 220
670 41
906 566
576 504
449 30
83 761
17 519
834 145
424 714
190 705
551 415
645 852
131 587
48 919
182 90
18 588
88 582
270 727
81 432
584 861
884 959
807 753
852 383
233 257
354 348
375 272
2 783
859 150
994 648
592 429
533 101
728 581
623 569
268 242
842 400
487 236
920 114
363 784
266 335
577 53
816 850
707 217
410 1
973 317
918 115
675 951
187 355
628 390
166 252
640 779
731 262
333 678
142 864
536 926
698 710
50 637
386 77
201 379
70 604
498 707
968 61
739 891
952 549
981 879
157 576
442 896
797 601
99 145
790 752
421 851
325 332
765 562
296 596
954 503
15 689
874 190
256 198
1000 187
908 706
748 593
851 661
274 987
823 721
224 351
688 195
427 295
363 586
65 130
897 80
605 627
13 839
6 320
318 181
288 373
334 571
815 522
162 266
281 507
331 23
4 222
548 785
969 594
228 648
383 326
358 377
802 160
336 199
421 95
42 539
445 587
319 447
1000 179
816 328
919 279
575 627
504 368
665 753
79 917
840 181
149 119
272 206
41 38
528 168
111 269
435 672
854 796
616 127
815 221
966 118
722 193
316 444
643 380
992 972
565 798
855 874
189 155
45 463
131 869
796 171
764 505
858 923
516 800
783 731
698 822
348 853
4 736
818 179
573 530
833 721
780 302
200 207
559 836
509 917
887 22
926 888
693 987
559 508
670 999
348 330
483 72
818 389
388 460
81 255
607 841
612 153
155 862
4 451
169 8
314 744
509 231
132 790
442 275
138 820
636 89
809 325
466 42
119 221
43 749
304 193
215 787
873 595
666 276
899 830
165 433
762 527
670 66
903 141
481 985
315 355
814 902
700 371
637 19
581 21
216 123
497 232
568 287
512 784
834 106
789 665
618 158
511 491
121 693
463 695
908 645
929 552
381 334
759 149
614 741
186 334
931 398
866 405
295 477
312 328
722 814
546 764
993 143
799 268
462 346
771 761
818 231
709 956
56 345
992 363
244 159
735 344
60 222
892 1000
654 710
642 474
10 162
9 726
217 564
58 361
534 856
293 374
931 703
199 54
872 263
375 740
536 441
683 642
716 76
487 864
596 784
526 415
619 277
59 408
378 812
2 450
24 119
227 892
200 469
831 439
707 248
622 32
425 971
376 997
858 574
138 334
537 252
340 214
779 583
544 689
29 266
534 624
164 398
278 931
968 921
461 647
684 525
251 248
775 813
204 48
758 861
767 537
518 42
579 576
573 872
48 242
112 211
373 75
730 23
350 596
740 900
224 317
768 684
680 188
146 15
984 308
233 450
796 858
42 907
93 844
86 999
659 995
269 456
896 170
579 921
154 87
18 924
682 265
473 615
131 443
491 609
884 769
874 683
922 240
309 205
616 539
256 190
968 899
300 721
63 686
574 852
836 555
932 35
977 717
86 340
565 326
225 540
424 222
121 202
273 116
912 818
469 588
258 733
769 698
468 942
490 38
196 872
810 713
306 183
910 998
511 413
909 244
692 502
12 172
191 549
784 942
370 72
396 24
653 978
892 393
197 807
840 515
932 709
229 528
890 74
96 151
892 288
829 790
165 872
175 762
611 566
361 965
435 745
188 55
239 414
138 240
71 149
970 349
582 852
749 529
598 322
577 782
222 183
795 420
307 11
795 8
221 924
874 457
484 363
831 528
898 825
43 822
675 854
89 643
26 387
994 731
574 529
975 747
37 449
176 541
783 957
102 872
174 662
700 948
588 600
355 700
590 595
646 444
680 420
219 909
921 771
91 407
584 46
267 703
415 38
148 889
111 272
985 648
397 350
487 755
515 879
217 234
514 941
492 202
990 93
808 532
234 525
673 925
862 601
317 17
750 430
623 922
813 658
683 344
898 459
851 689
194 608
689 899
254 909
94 214
438 643
890 840
13 767
109 836
799 210
877 931
745 241
249 421
32 341
22 73
229 757
143 883
248 107
931 174
634 917
698 395
15 677
383 32
315 915
733 788
484 568
283 90
881 383
873 893
609 688
16 123
487 844
221 964
461 680
990 876
327 675
592 911
409 626
329 181
275 751
921 919
164 54
758 785
485 904
920 167
311 586
962 653
847 920
675 578
313 79
268 765
12 497
266 419
4 836
350 71
109 661
483 387
551 329
111 477
429 148
478 566
370 373
580 999
30 786
834 397
445 808
283 472
985 294
942 670
577 98
494 821
42 92
33 376
749 202
574 737
825 59
675 432
643 64
710 139
67 536
298 887
728 283
140 805
782 273
118 137
599 188
91 495
377 555
620 631
559 697
427 307
706 413
839 901
217 427
7 919
998 403
866 765
891 136
366 677
556 780
24 83
471 330
428 30
730 700
332 847
708 590
374 571
807 819
105 599
804 910
553 131
247 915
612 778
892 752
75 176
466 222
629 797
520 964
376 538
494 238
457 49
620 338
702 90
712 483
43 475
348 713
10 672
479 433
342 459
853 193
729 566
985 71
868 590
770 514
624 234
139 713
555 285
344 611
357 760
318 679
723 203
186 412
931 381
437 451
601 835
590 972
450 445
432 167
719 31
173 317
52 511
684 733
689 90
695 530
97 956
64 45
490 783
117 408
452 203
177 995
669 488
309 586
708 128
367 182
124 480
74 459
892 168
222 42
125 561
345 968
339 623
934 287
655 167
333 475
364 490
532 224
98 490
916 746
559 29
430 852
996 88
280 709
191 878
91 680
629 49
663 476
83 416
457 171
500 402
491 374
813 537
181 825
407 242
547 611
253 973
110 281
287 960
296 588
422 488
10 287
242 163
480 285
984 96
776 371
343 256
406 850
293 977
812 392
853 96
192 23
317 191
366 870
917 831
248 294
642 488
939 104
971 70
20 917
283 830
43 318
241 58
823 93
189 385
193 44
196 731
309 109
470 323
543 385
773 854
498 476
793 235
687 665
330 195
204 35
877 731
187 580
450 624
412 977
5 442
405 501
700 852
281 140
249 883
759 195
553 508
565 535
171 35
605 875
797 218
111 55
708 247
750 789
266 329
311 124
829 540
71 851
597 114
653 374
78 20
144 197
615 66
130 550
962 296
821 239
125 378
285 840
680 1
287 409
953 806
47 840
404 638
360 246
855 806
432 282
501 601
210 653
360 520
104 584
932 601
312 555
34 172
430 936
979 25
195 272
510 710
845 180
828 176
519 902
481 400
554 784
413 56
707 197
924 421
255 615
507 943
597 225
516 351
411 638
979 225
652 738
442 954
88 880
315 163
572 171
684 695
579 784
599 529
237 755
946 578
120 906
925 418
972 248
762 460
323 459
338 911
377 71
757 9
856 123
434 87
623 933
176 979
68 98
195 269
944 89
500 358
322 865
618 832
46 687
238 66
887 821
670 571
170 831
431 604
158 847
640 539
553 436
405 333
204 831
457 700
746 558
232 850
485 884
300 564
274 976
910 762
54 669
408 566
376 410
944 491
696 667
975 984
89 528
322 93
404 461
761 885
413 122
991 701
625 339
874 468
888 610
947 163
632 859
103 895
650 801
279 909
569 647
669 597
968 354
617 922
474 757
603 297
488 573
593 48
455 286
59 737
897 917
557 142
197 231
197 967
193 826
390 195
334 371
467 891
772 192
712 669
920 631
830 511
60 231
894 354
614 229
232 274
387 57
380 595
950 610
712 366
747 911
731 404
481 568
73 90
95 852
536 277
406 748
179 584
64 856
717 572
903 192
353 552
529 558
631 745
18 962
561 779
906 774
495 385
