1627513756304
695583627593
1536173508476
1373182558766
667229532577
1120619746568
534373115813
1322046842650
479503962590
1176289778980
1911360688292
780619728378
533076325332
633509384427
1040955671435
1344255651766
1430295818036
1683491026013
1431622567877
1367342209911
298675549533
1383046562890
1216731066536
1044217758079
1884681015568
1334902779533
740464275234
1583637874172
1391030621388
294204135129
834050056042
1128747039001
917568286805
458432849873
712693281492
943536413064
956986438555
1125964645050
1333873502687
1664469113846
738632105535
566769156341
1745177746485
1742252904413
896329086534
1332757510541
365115072627
1040806486664
1431983920832
1402277748482
872962011977
1445963273782
427977611405
948437977949
678158631892
1400657005520
154440949923
1190013562509
2007243849808
1565627956004
1314331616721
1411221145414
1783536709690
1222194846360
2125887668566
1450688163090
1668065641016
1409958418102
1669821679947
1231208469788
1677742809186
1194126105970
885953588332
1159728343791
1072294267597
780193889094
574863922972
1562547207226
1307601524538
554763095820
1906314437372
986342692430
1422839249172
1521753457059
1629498863530
1761199523504
1052531289694
1079499303624
1689116638724
1124894961998
1939090635916
1014389152070
1264762626210
1519952186220
1737501258504
1080251991713
1264567482458
1793319558936
1879750767660
879265591430
1183128965193
1422586405184
975913380686
2002433079222
989983606072
346306375557
607473388437
898003435172
1192944061858
1026863756855
907328564031
583249061019
1455826784879
2225377437676
1882900437966
1249279948711
1084918655680
1342939975474
1407424099437
784035326589
1600938296739
1123615215888
1154507547386
946598177854
1116544461264
1247213426030
852536543911
2385471050200
1961300625733
254359144840
1645640470666
1348137723974
1258339534682
849158606839
671950084064
1781110358630
2303361463884
1056472024037
1198915011329
1358030639592
579201087591
922701052904
1687890749260
1841244933247
1516625081474
1143687952655
1901601522542
1773595493250
350828357071
492246241759
920855449527
1447117013970
430374030219
1890321902206
1476038725882
1962324603624
1930141312382
1312118152444
1859829005866
1350682704296
1377335891197
1628709450229
1350606605983
1822832065028
2177917769152
1090728620439
1270909274010
1686885699748
1885729275980
1751885375261
1124611771585
1069527093960
1866328587898
1196697288902
965990672106
1386595214632
1331341094981
1053437955860
1260224469882
1577470666205
1721740103132
1320917953790
1335699495754
1359923512447
2155838757794
1395471226046
933915361839
1534750639910
1371559366365
2138911886762
1533722385034
1588675538842
507155382997
1144463806792
1535341804626
1187920842766
1081874591132
96269468616
692091528708
2182984307302
1886697126060
1554751886439
1041356575005
2275954316196
1570627241376
1582530868526
1276850480029
1369070777114
1209386105089
2175569857198
1704571736944
1075240538356
170901110019
1842449872900
1467963174566
1838176624021
1965038686814
1035738176597
729721414347
410456820023
2034502738742
1317952775358
1487166837348
1331448812342
1253021390199
1700584337925
1173977201357
745893838163
1709926402964
490952207607
1219575698138
2004882403002
1160887301136
975579711488
1779224830342
1758607338490
499337170640
1629873253653
1124687613032
1160446843072
1457275277248
1621712774658
1570783068770
1303201307389
1685896322854
453983633034
1668686250080
749257555629
1623577588684
929833544300
1180988597243
1004808055221
1417431924454
1239747240408
190637844775
1384024239005
1318494063217
799622932201
1467230913848
1090417537511
459809906716
1186209639896
1644895225670
1192731743122
977508464634
1747159325543
1432498268710
1945191832934
1014411163693
1304471238348
629486205138
1128252549386
895974213336
1728361095934
216108848558
877599135843
662873842501
1350033139404
1053876436788
494864789617
2053684032712
1409976235592
1590303400703
1088304396414
797963041806
291493940584
1175065361548
523974409472
1228331970023
619613243682
949772049002
1837855783582
1502719844092
1242440276058
1221523035127
1649637571756
1393472915981
1732606388866
1910841581808
1834400051406
1335769863129
1520068226208
1863047971132
855909636926
976027686009
1114616806912
1757754846320
1884451255901
1786191114943
1473394493788
429866449332
2158306739730
1114313263354
773888366739
1208638444088
1658094254155
1091094024142
2053229732696
1133391676573
1474492163666
1716350243916
1488621201301
2012935639504
794093992237
1497505807318
1104408407797
1455618195355
1491689622206
470599716772
1743399125486
1301768499521
1452349823294
1314606059801
1779499322734
1170228102093
1624100922644
1804826885296
1135915647663
1600493544235
890570043037
975168248416
1213438709484
1367131990902
961129949309
1342059093421
1520781490055
1034646875821
801265398563
1907738552295
1372404143134
1641382591479
1205022340437
941100608006
1625021321589
1081771857094
1163230205084
1367173302298
1306313165712
1448157377186
1117494103001
1476906866310
1132634287016
1817674893560
2079922017768
1183414504656
2339640300636
694946634833
1713285562929
1691101922370
2024860095598
722396056071
1562880099946
1265290058662
1246794252642
1591385083263
1307112065616
1966672706776
1220103244710
1108404407422
1004569003540
1658094254155
1887101352142
576498437612
1725420730640
712242160279
1841897116022
1707888842550
1616320186174
565317937900
642497888897
1868491373900
1454064825236
528156358698
1387562824498
1024391158550
1555986707871
1218793998623
388859999830
1615659774677
2477135725820
1798774318716
750877837252
1557599517636
1040806486664
721477849461
1308955260306
1527976542039
1907429128374
1468938157060
911928198530
1124514331244
1026294706061
2228262311304
1321328801977
1283147824126
1429449661238
946042245597
1220056704370
1632624984936
1779827993532
1029310812126
1176116093562
1563175091356
1168036931450
1645949038672
1082590172343
1634394713447
1705418264495
783829204820
1903527739910
1228604697636
1435301619557
1587572936824
1440388838286
1705072786361
2042034406504
1486814439686
1010666804390
1354481861743
328544643539
827404068130
1276704306770
1359596553716
511487821321
536179406904
1903738240032
1289343189488
1505389618778
1399785809882
1822236043366
1064912324042
544249980393
890161295911
844970715959
1048534530196
966936150609
555912321458
1138602640755
1686824804447
1544139500612
917144611538
1084918655680
1486480352880
1939683334328
1203895588428
1760601688072
1271028460906
1301608621614
1713919804926
872152136214
314772498059
1288141208861
1252915892954
1036732544344
767595661727
1900622287966
1188423008021
1251139578285
1890141463702
2009802004212
1478861772262
1723857719313
1715529268761
998981994174
723796070485
494953035997
1246281787964
1078444333986
288923496897
1510749451968
1927687350597
1351674284110
1238118804600
1001507409072
875595237423
791568014820
1659172566048
1601268209389
1361759374473
1542759071700
822057644266
919990375820
791673064087
1966819566170
779170044266
1316103998722
1254632460929
310780534419
360447497796
1357426241449
1509740960442
709551426810
1280598615964
1762950528842
912040431110
1664271329532
1369095172925
1915022537986
2298849265438
936194651588
1291990630896
1192683989277
442401308484
1710499536784
2124502866734
17278584390
1861234092168
675709376831
612653611572
1295458636717
1503812888402
1234652724448
1373765788653
639010835826
884462441123
818225360453
1409958418102
1970438667518
1189962832437
992952248264
1432887175118
1010218812051
1061443944852
1583655013424
2055179346148
895251748366
1371886826142
2086519436382
1555315177117
1465321824014
1628709450229
1925840114276
1275656188971
1536216251882
1079162393859
1373644849562
1223622480316
1797406528410
1176725136936
1239954063123
723796070485
855230765144
1872743583830
719760563197
1509817188424
1719155454006
1568589540530
1265822791554
1224850473520
1602256243056
1915909181408
926737647200
1484779185779
971283655814
1556201161969
1146923070730
1164687019653
1865622803788
1420034523621
1049200195527
444492204285
1191825450716
1601170205997
1105979890549
925555219984
1107330494452
1216969407448
151742494298
1401115930069
1937424239560
1703893967789
2123976169390
1271997361547
1434132954120
1802217099709
165841982708
395681964954
1656209152118
1342377207924
1084783613784
1337813308044
1721549069401
1005729067581
1410082978738
1054092779115
934663842731
1462689023992
1496827861437
1276639117181
1865296269774
924291477254
1803074825846
1946473605668
432485072161
1456864493131
1966672706776
1150257263288
822107569638
1964283363576
994339775386
341296054445
1809293247454
1712196168808
1168365234835
834552776594
1170965260049
1249978524069
1310408557810
1377716295114
215461842693
1316610951069
1438871241672
1596713892780
1492440888102
1747076695037
1424369753925
1393137482299
2109164083748
946696611756
1418751173070
1452428086312
1433200826183
1368223155876
1183074173026
381018925858
944829595180
1531767601746
1813416627770
949016456767
1037744282804
913432002931
2059491983182
1393213675362
1105081392654
1899216625116
1780964087064
1182057131826
1914766933620
1354606796344
727744653064
1541873065316
913372179554
411837910900
1525940606688
254495558457
1442050167380
1929875450238
1233180129305
1497505807318
1089451945299
1352789998442
1326731757636
1114439881112
2000702012229
1292926972139
1059778584013
1381405701692
1267101881534
1606809101901
2025778495989
483385833957
1178391153792
1550642162293
2592908725844
1368423797275
1085790314756
1477415024390
1838408231918
1438110662712
1798942507383
1606399541455
1972919321206
1330330844990
294204135129
2111495766272
1424914296559
456638409320
1981452965840
1887173811782
1377332175752
1642098106256
2029814529406
1426719555898
1667555584707
1625934895882
1765817547816
1704832224242
565069059263
1130240941204
904879363984
1770904035253
1894308025020
1284655736769
1017659504271
1436124688190
1949335544556
1496772978828
1189412706356
1671291189284
657441058220
1121937835592
1597729442377
1801444546044
1486390081334
1506152299832
1169965703420
1469926196741
1193189242477
1538874170795
758466359723
2188938104050
1460136758685
1835261931342
1993694850776
2033558655814
1467464609290
1672256918762
2254987413446
448638583946
1471495437126
1925872278005
1839066020518
819381361128
1330277639010
896363074025
879996632324
929351325989
588452362230
1711539036149
909997742674
1329135324903
932880459216
737283428671
1420797210325
1488621201301
738402952403
2151272534078
1385135586472
1741738402263
910047335197
1276033226842
1639154406441
1533467894304
1406502423143
1908646970600
1969423655272
890654846580
1406267530652
1099962199479
854730177583
1284453639506
754126252859
1858180275582
1237062411386
1272714431670
1879580224246
1739254680012
1167628933586
1121010264746
997901717937
1006769144255
732613405332
1252869013316
639532696423
1965505092552
735930131606
1871481502414
347886497637
1749230573848
1220934680211
1756923425548
452686759299
916682124152
1598002164901
632889315815
1941138581284
1760085677642
1239009418288
2100987990464
975427127112
1155292573234
1683686872138
238181815098
1464843254087
1030750118446
2064321268056
1523685269771
1536903153605
1731363645810
588671872501
836689778550
1381607062650
931938735166
2028474931368
1373483411010
1439040757995
1374293344754
1328832272876
908713102057
1036386671789
1310839136590
1649182252760
1205913472336
1011438302040
973578152065
1096444019368
2002918723142
648783851103
2143802348334
1207052024207
439157102448
2337746955284
1107956678110
1580557087471
1692256264152
284561402328
1110479021588
1896403933400
1174757850960
1252989243721
1350817792342
1213258612076
610023149732
519799821032
1765208672231
1406891115862
1939383425432
1990677543856
1477491969711
0
1416851442967
1002740415110
1210342007070
676508373795
2160487441250
1257167994046
2382077527612
1332930054499
1616835956901
877492464748
223713911413
1207597850810
1800763427816
1326035032554
1330422390789
1016083341439
1176257086408
2021281546706
1914428199470
1002526895961
713242169291
1122351746382
1364587605426
1355655982954
1187471771651
1214261499121
1563856727045
1320617997542
1410165960803
1293945944944
2003353837022
533622680263
1383562754512
473048495008
1876291960132
1218156353470
965990672106
1564565469850
988299772019
1777204480694
1450806076296
1079499303624
2464496731604
1632243864106
574145489338
1478991307624
1499209525026
870596322992
1285759759226
1078357353910
2151890862038
2091707289536
1437705976153
1266529576690
1178800469832
984908028544
1211220776891
1570688995782
1709014374221
1231875646885
1449246047628
1074370254465
1984851986402
353709982860
1709927394668
1287089589487
1030736376080
1550958473326
1978709625061
1397108298076
1248710967918
577462396543
1902797350013
1567864431008
1018629165360
1450537801709
1307467911141
1657729450611
1602856501994
1907412246168
1726794959832
634561671701
1789350603894
1191345700952
944620749173
2103187557904
1470319284063
537005755166
0
1061076883960
648762677925
2031749525542
811317001211
1203015015621
1639553395340
257502040860
1911771563126
1113034058542
1247878228284
1020820597979
1370358435476
1424410963497
1657671148261
1290375028280
1426216434357
710006188389
2014856385792
525110460651
1932009604920
1344751253444
1213882072573
1834173176298
241627480619
1269680303936
1240766364497
1187481984172
1492167380040
909934552220
1026737423064
2147599124476
1238815645728
1240016508288
951785089618
176479724258
604310392628
950023279260
1497710677806
2059872259783
1756263591252
1731096100236
1395774980029
1694593403762
1448897592068
719882294277
1789615146045
1232304964656
1792708977830
133401672413
1061397585031
2265199515588
1575656769822
1693613552798
623785211552
1923005437018
1418219776580
1645023474566
1768841158344
1351215001879
1252045430064
2431552975140
1250694400392
1016287346604
1284652686492
2145083970092
1451292929118
2203483647636
1138605207064
1063002455649
1468200589277
1199781801533
1567175695197
141933098998
1764791261726
1141601644574
929174166133
2019938766284
1737194590729
516404422899
837744193753
1514492797028
1193169714128
416092427585
1702161934433
1062068880393
1292003863873
1330866741200
1057472394366
611632402937
1129515883701
1335529924238
1768056983962
1143446032456
513613057941
1153802694354
1796432547880
1089277386006
1296379318008
1211364061794
696248355517
1492032275690
1084640341275
803202349012
1184690928424
1733479028884
1238150513198
830613099512
1379827129204
1429960724793
1809293247454
1366187199276
1884849072214
1002270454302
1522731747648
1554806635241
488567716868
1056972266280
1043243617777
820195911335
1293764833811
1302584976694
1590704825994
236171382495
1239217286762
1169755087872
511112524545
1968052192200
2020435820110
1417734309786
1481735234175
1933611889610
2016619323950
1461399572486
1904641910838
1117013026436
968625586253
1273678398171
1425417486312
1355531888845
1236571870871
1475967242502
1455826784879
547728937084
1209909837166
1795826938565
1478359133618
2149765649370
1172765634552
1172624334176
1566024273261
1681511032644
1847938335524
1456088101514
848085855922
991293538743
1253633279582
1651533366818
415446250717
1165842335608
645875728625
1512154806188
2082646556630
1955353536428
1153366013992
1546977080218
1886203452298
1443911399341
413452019750
1428416160286
1376790128078
1663019872796
12100637978
214925281778
1652957051758
1204381049429
1127532798762
1475908637484
1921089809544
707720079827
1573587686524
362860244259
1323634928914
207638938525
751376591306
363581274603
1302919771416
1231291957849
1951658168477
1099146681989
1133391676573
1226018541597
1078661430063
1107235361274
1232467029849
1428164960730
474891507804
1292646329326
1624447731816
610255772367
2374010182780
1550308664349
1203454942821
562809588120
1586630042056
1374418198061
1301601265728
1492774730925
1973895955434
1187973784543
1415466038622
2041797382840
2119307680636
1267034467782
1406869507928
1614775201941
1094580764305
1794248247766
818051513368
953593204011
1584638636323
2012935639504
1596763510901
1711616452813
799387890914
1831011464492
1045107067384
2324874596988
1335584629900
1777295963230
1366664544183
1426328090592
990399925272
1378587686047
1094749988381
1075642821512
714608847865
1859719445654
494048631998
1259814812692
1436874582378
1195978273008
408872728607
1498992696540
1688704934456
1302323112333
1384821180796
806968055340
1980282260006
1212839954445
2561717154676
1530471277218
1819498126733
1309230401890
1390474945623
1406032731088
698839244401
1444856822794
1389204138975
1819857953356
1374915972970
1594136443266
1754515938416
1964727934674
1091789449648
1514970417174
1704054981800
1504173225471
601149932581
180173281362
1226041860581
2080081254110
621678196979
878485880898
1489005381934
984229830726
1746934014498
746474473674
1168047620760
1539299849125
746474473674
2196987610406
1438080926088
1232943960289
1790083514492
1183781205837
1832477652685
1626243324597
1874037081938
665661070644
1470876527362
1292447738462
1458622334410
1006953330464
1586679838564
1647281075004
457846028880
1942301534533
1514717067398
916561968104
1549296988378
1042225777167
1045370369109
1230811894638
1838751576136
1209737493173
1557860092022
1716549297729
1047669438132
1745605510181
1241358245813
1407908242178
1810712683712
1974915984402
1376431756030
1893529862212
916963797229
1101082819147
945384261110
1669638217906
2033829518916
843706890213
1706718425547
1083708122678
1977464879926
1683961342570
1769256103006
1965828791526
1541593657148
997103272120
2038160836778
524563854064
1481007644440
1240593247097
630664343750
842475534509
1267113993154
1147721993952
651738827572
1714279352211
1813547314222
1529960478804
838233208309
1958399073174
961129949309
2207065791606
1638897810352
1398513052994
1409970122046
701912916748
1237147510118
1365064428365
957678192350
985670082597
985430444384
1167935079802
933186404277
988562511845
877028647831
1249000864130
831557840211
972976062595
844967402078
1114830275763
776836138126
1564648206561
1096385637014
2086838476654
1321251579398
1381342310283
1410127300338
1047370934332
455636842907
1965367080138
1366827107754
903724029663
1326804008734
1858425460310
1172369356078
1114548413196
1398702502678
1549561298282
1093875709743
389443852064
1530244975439
1316737139768
1651412865624
1358249398816
1206873045326
1771157358368
1129177794960
1298590293645
493301274263
2239417286438
1048015232111
2074761764504
1213089039208
1427517163934
1196514186889
1717314885766
1130411411882
1439001878832
1321310834356
1610911666548
1222869922946
1262693570488
196784215026
184601953784
778328314431
1534691859032
1174037726060
859884860929
864022510429
1445604768196
2109511861724
1771278363789
1400243041276
1365047288289
1251344783287
1538963255530
299788247146
417925219628
729254198107
2091444002976
2000398190812
718880764730
1501856969797
1207551720864
1805666875328
1234194848085
1693390065580
1046619467954
1584899225895
1404889501432
1675802621534
605851288619
843727226485
1191334501169
1507637932091
569668056525
1331645301020
1685521968589
1126028868813
1602759639475
1684278764217
1850957820615
794038455748
989185087124
1451694264133
1151605105088
912303640853
1620322241303
1624978681452
1758475732373
176743682170
1060481703711
1055822712662
916406602848
496091158575
434931592964
1923530627562
1203423325334
2165417609618
1732189660098
1891785074186
1398015785823
536158869144
2092541001534
1917177863359
1169755087872
924088490023
2065110514498
1378040455079
840067113612
1658689441474
1843484744848
1418751173070
1836542336942
1318033310066
1107699832520
1858686956934
1422627854309
1681832639992
1429799595073
921520225224
1476903539916
1902489428758
1691762077246
988242021168
680601860429
1812870481340
873714055284
1997190885828
2030442796535
1567354698497
1224647853466
413272608628
1377274165945
1404626333118
1254386059745
2023887632228
953073287633
1574280364144
430374030219
1625064778146
1595629705670
1521902722702
1389396560564
1995390880586
958632107060
1529156052392
1198915011329
1306755149056
1388915124638
721760086747
2058631545552
627840049952
1124478828653
2307354133150
1043887425216
1692205425648
1838280137870
1301567282436
1374152080058
1491853863550
1190631355795
863319720994
901123682664
868376189210
1308761601944
765034369295
728751419653
1396533878392
1352962553167
1905202267413
1345252642869
1544822951688
1193141674395
1348248907290
1635515611925
672369215097
1075254046043
1981205108222
1418458924200
930664711886
2233346258272
1245771728441
1584558812076
1577235700179
2620256379684
1844255557166
610489177236
1821711683570
1097702001886
1184998981416
1965266668878
1081771857094
212634053282
1795162624698
1087694086800
1410187696423
945560500297
1425069258150
1712196168808
1791769603814
2013444617562
1407128235198
1119512160261
1412791839964
999131517024
603256706124
1216596935090
1748081131166
1119105826613
709433371206
1378373675166
1298571911181
888947872048
1747540594476
1478574466607
779170044266
1564657196644
1706891249648
514361138391
583961071668
889200758209
2134484472758
1596070243744
722197150000
1626385779709
577296058270
1149860240663
1215325951002
1169747181217
1349870111060
1537215871614
1824846747880
577378311111
2014832052310
1055822712662
907674029480
2071355996608
1581351113657
490848820828
2185952139322
1160600741350
1508937551770
585190501659
1185254061784
806290191199
1314366158597
489638031983
679899786013
1160416398942
236258520853
1387562824498
1738796379148
2133544148730
1207871808589
1182596960306
1171766956842
1790695596022
1626598086504
1795725067034
1736733795904
1379210054004
1229797746006
1212314116742
1739915593294
850976305911
1312662193789
1110159403477
1088831094730
1655458235356
1417879350297
894653616722
1626792972966
1807099310792
830373443598
1452469577707
1530083624200
1211274309962
1541439795152
600196479713
1061093454504
1294412642261
1397047821085
1735368424330
1714322893286
1947141422074
1117143856850
1819051457574
735571010550
1530710427425
1840249201048
1335570639988
1503309972334
2021447645364
1835033254440
1650305701356
1269436693806
1092813426336
1604270891022
912353288709
1618775712473
1338058606848
634144409643
1234390509998
1322817949725
722692300369
1165193238783
1091279849791
1867237905804
450183896342
338350241613
1191453506210
1205025739602
85881877906
1653659607932
496375863555
1491829910025
1272892875728
952737809126
1720961034434
1793827830948
1755463705488
1129210544184
1466774610580
581210982725
1976759941325
1639379751626
768992963181
911034007098
1488167303563
1809293247454
1198999290608
762172386498
1493413013958
620398057245
875859920233
1570701797204
1748133017768
1876291960132
1607920786916
1656673268270
1701355445039
864869272943
1722416559909
2033449615528
674670531806
2006922251194
835090059063
1243572911608
1394756348742
1434648678406
1617166075980
1046003593592
1413972096765
1854590044287
1280724525166
1795511062732
2106525308028
1108404407422
1551321286260
1252485635164
993051122178
1886722102374
1129979485003
1455041541208
1847288315632
1787106685974
1013373354794
968668547726
1815167348060
1935786956786
1897465945822
1413519945874
1471847570038
939095945624
1699959645861
1421244759980
1884438569442
2004882403002
1432791068259
815404006518
1684705586859
2271659364708
2402952462372
1633727504562
1763990451782
1443326538605
1838725526436
1239723772520
1430587523054
1176857583246
1360880950168
1458455371402
1821378187096
1070059980242
418928326881
1712762155689
1399031886208
1562865177224
918969043865
1751272340478
676287507120
1727496896196
1182321154853
2404320795556
1583561263884
1231479549800
1239607486005
823477088392
1363618914580
2019351397624
959508981658
1075438336623
1182429014552
1362790173370
1282188851272
1460030467903
1491808450127
1575115636568
1041065951645
1045998218991
1429950380381
1554398900308
1232882115320
463673150115
1040421883850
1705531462632
644716558347
1222945735904
1281077279021
1374119238187
1741635341876
760742102703
591183210389
1127709573942
845796478450
1714560895400
1564323374847
1202671497723
1913104179776
1946622240248
1394539558087
845409336027
1107833859000
366604302268
1304471238348
1002245148135
1163598699382
1434548330306
926069289031
1388640883469
1377264943232
1438124274322
997661304702
1309105362306
1091585070885
1629380360335
1307139250946
1758453913306
1592502923924
2374523082840
1541439795152
346322403853
504159869516
1553888215778
1239495612845
781800088424
1674428283031
694771412988
2027407687973
769491715022
1410673683860
1287412429504
1770533463212
1885384411542
983545806913
906743477799
826780075262
1713895075151
2001485736854
721045275643
1273264737336
1669194048106
1229382303696
1093972519723
1556998661805
897625236543
2301438800908
2010889284730
719856557181
1375140480088
1044008829464
1406032731088
1364412278134
1718135345913
1648001848415
806389373187
1474620257714
1499006532850
1915022537986
893470861487
374223365704
707110458480
1929226748938
2117430840214
944491113577
1540746825112
1434132954120
1347073808898
1370244909026
1227384523025
1736802681297
927135334528
945809076460
1159698848484
1428070887508
2188692688824
1119742651787
1134880319840
1103166331953
1305299406724
1114863410442
903225081017
827319048584
1603552609815
1873555586024
673245014789
1875046292327
1616266919836
1587653585962
1619131609184
863319720994
1169717773868
1899934361296
1692136960872
1836542336942
663282559484
1655213350606
1697216162526
1955775163248
1320951873464
1613570530141
1404665972834
1368301258696
2045455132256
1235231940064
1297363891102
377499597969
1545864976093
1247207873584
1558070097762
877142964200
1279703393793
1630685154352
1219266817972
455084283091
1108235854325
1125791690422
1402139899949
2097199030596
1020665945368
341787672410
1328701123127
1185568161626
997825427437
1250034078648
2432632858580
1674374512184
2329418504732
1336213734390
1687015903512
1229659445225
1413257564487
1362446606512
1763803887159
1413889042335
1538451409758
1034169489335
1232920797424
922378121992
1535040611838
1360281188397
1274716113871
1566357307746
1109354652944
1492135614490
1776317358700
1785507142892
1442509141212
905860940992
1269822624987
1421952116419
915231674627
1197547291734
658881135277
634278156567
923058188605
1520533098087
1831452062822
1110670932416
1408131694160
1216592796534
1752660216762
1654576548769
1165653491253
688100681264
904126725967
1599204467827
744627082416
2027677510462
2431907303012
1779159022906
1460526899172
1450775584993
1098450093914
1257750299511
293931434613
1052953299190
1255991860087
1592502923924
770491670685
1052270800160
1070517015578
1936434848492
509444631745
1578605687504
1305871656474
767619628404
1834921655895
991142654955
1010509681002
1600458175296
2037768380118
1198277766444
1808168418494
134344076320
805179627637
1145694848269
2059497888112
896153418541
1558357154848
1569890077728
1618596118420
1686836997516
1568702031748
1015525460780
1258425146680
1926841065880
1558308135125
1530166627025
1103166331953
487863753601
871938172705
1242177856461
1866220171894
732971638839
1285312890278
899847446480
1356835300361
1949857622334
1910740112866
1441903243606
1704045770191
1547509383441
1503727952458
372358320167
1655106105656
1629590824444
1486675114994
1484137019967
718778159697
1604824015788
1376049920829
1244808440190
1226252574548
1469316138864
912311993987
1726101210129
1739254680012
1656304367670
1210610057384
1468293422926
1256762338629
940306772551
625874652327
868407815071
482837234067
961448717469
1480097736632
1402292211202
1749608482992
1446168894139
1887694574879
1602475286080
242449222214
1942821600624
919054625543
1606866828694
1637697762650
1531817612661
1754948952132
642379705076
1782740171046
1019447513248
1072330516080
609002660907
2335958559964
1561951957952
1329122043290
1388880045877
1459784469964
1049777260236
1700920411214
1358932256973
1859551226048
1478386678940
198388747588
1791108916508
1196697288902
1702041438215
1710284201070
1356966009138
1131278880868
1227859994546
412107782149
1796321808434
1520781490055
558249820067
1777131542250
1781146042826
1040175316069
1820072531172
1104641327063
1359929304661
1197472169021
1422996873176
917703684951
780365399278
1006044883032
1183710727800
1965505092552
1623699930814
1663507460283
456491591092
1046760171225
1668760515620
1323122640318
1126456103448
1723857719313
737568590784
1684804506083
1451674275866
2175944976544
1038353280159
1314209974045
994389515283
434714494479
875948275938
1910263004213
1126772171271
1237569238197
797112282805
1724207332044
2067249788724
1578726207490
820043672955
1176623317672
2037212956774
1962301005488
1069006371748
1701377523942
846375315895
1675877789033
1407585187030
1298416699330
656133817199
1371638600807
1210369482674
1183934904878
809774966242
598371663577
1274411631405
857150834893
1719303017028
1072936536469
1063089290705
1014141932979
1587545541906
785331624321
998047436664
1642580336951
1018060759055
1084813437363
1489542698646
2062523983686
999118075483
1011397657925
1595518649839
2191016231378
691777217724
1244726633744
2173644558150
1666104802306
1921929264944
2167431906654
1356845139164
1689287732512
1794198083842
2005158240016
871120574242
1752301029953
1536733116967
1052349115141
1119024977747
1220437879768
1745552533153
2003315213432
1158772568634
1057597147988
1962919395680
1259672552702
1711202846798
1168637559543
1639279025645
1983240011512
782120493818
989558244483
1921944993048
1479893960562
747358875923
1582907958095
1202429727259
1312165461686
1319817261719
1101384259599
957489273892
536295954675
701437524084
898003435172
1249381486150
888462316908
1100153288664
1622649460407
856227583766
1224416738524
1836373827962
1689745702670
1030932334839
1622724055264
1156130212973
1300538345889
1374063768416
1973685721718
2421025555908
1288867936070
768884122111
1706183734729
1408088434864
1939520797773
1538874170795
1384851550329
1632234572232
1313647397408
1385744119440
1433165257623
1173898715480
1416174153245
1396558507967
1157436720177
2099087168440
855418903259
1332460507248
1899698133720
476227844327
1241303390392
1076900822350
1941254502216
1406167737238
1373425561605
1247643115230
245883843171
1484221073016
1259152315805
1218409188495
1228554267628
1418458924200
388502318228
728680522203
1095544079106
1093903860168
1326587929533
1128387152353
695283446941
1559082707252
389827327508
512799351434
1751205798848
1497710677806
1521754653728
1619008724440
1799014828981
1016911288968
1438816849462
2102731281346
1139213961209
1301246029582
1221935636188
1828526286142
1474448829246
1141791303812
1485986730152
1112340263929
1099549875374
1343481601528
1416527245976
1405958619380
1479893960562
1261284660484
1623505318928
959596700580
1944867084207
1311281702449
1780971567168
1297364427776
979610257188
1655750220398
1659466661158
2193543272764
589245360
1725751064665
709707348211
1233289201789
2140233386152
1328790354866
1641206136778
1891452621722
280653812663
1199557882189
1227107074090
1209298718688
0
1467414737741
1455779982394
1583867845092
1626496241121
1136281639786
565353875162
1415088719180
1677495837318
1382316093712
582152962242
1623620108497
1137682293302
1343767453825
1934555691128
1938221353194
1402870577508
581851848767
1271156307914
1111836378165
1995390880586
629121347720
1344751253444
1768320056197
1616496642712
1035426357366
1843539008628
1082423891304
1798799118636
2115892624630
2061585074120
1722527984671
1072320667032
1761893770829
1860418249068
1298710904377
662306240464
1671440192663
2272835787912
1669273786556
876210612563
1683686968076
914439737577
2169676851262
1410819712410
1032600528026
1269395254076
1443775048590
1342719738215
1040063528780
597535988050
2397126446588
1388536150192
1364495145967
883232326557
1429590957340
953691435362
115976848855
1155415412824
1434579986936
1685887767490
1944867084207
1269422410155
1396434613535
1155753003546
1712368035485
562157673539
810558541117
1972385605031
539966032330
1594301354525
1708461561176
1403459779026
762224135868
1173287623524
1719115905846
1719911638396
856690281800
1327471613184
947344650283
1754812550506
1476852596477
2144975390286
1481107994750
687639944197
1179283224903
804117642509
1302080651820
1363736468320
1790963929614
1420359133660
2074821797588
1604197479705
2074106444693
1828952154038
1096060317134
1680117228429
674307961802
1864564534340
1692429741660
1291990630896
1051791884826
1924186294400
1498033933030
1392327560384
1121378557497
2303361463884
2161294551156
1605475676534
1062929969270
1463663835742
1574467964426
914612909537
1025144587893
1443962875590
684282789052
744627082416
1293123809402
1413040452767
559329385786
959096679366
1479144841268
728883582873
1497116532742
1602730815771
666319019514
1589456233976
668039990212
1544502138516
1223010096624
1022676881649
926460245802
1357305785238
2194784702472
1487538586474
1826552853514
1242871190828
1087045138967
1360677814391
1128158799268
1164624866269
2141306309562
526043759594
1498554793360
703890658830
1032789494919
959368996281
1696151717600
1667015121342
892008705546
1560068854909
1950164374222
814304296774
1466128269693
1383008809666
1565559522695
1486244956639
1027404208004
593146894186
1191668628990
1373816912882
1905626371208
1018570723546
1660453196960
1115280827965
1237569238197
633383112932
1442830121988
1383351960004
1534281337874
848683572869
1250420732664
1196833476416
1532490474862
2014119677038
1574499318946
865284636824
1893731461816
1505558555702
1528415515247
2022496419474
1582736317888
608160684165
759664156948
1342059093421
0
1557640856814
1759466455030
1174394603063
830613099512
2244793022302
864577209691
1197993956098
1355993794821
1475290379917
1695992553190
803082005397
1243980818861
1591413130049
843706890213
1449080078174
1306678485260
1285356949417
1629590824444
1219895547690
1204946819991
1698426391528
1817674893560
694374618475
1847158713992
1370525966824
1316490312141
1298632485481
776836138126
1226709654963
1463501854554
1506742190322
1190747864277
1694553859616
775535162584
1061014664655
1869986777642
1390040013831
1921421032293
2343621260760
1744993716084
1430587523054
2182518861356
1109751121038
1873394689830
1809213393983
1928820045232
1156111106088
1918117730662
1725865673384
1201512653840
1552727961785
1108214204586
1434338854762
1923112501766
1269837230471
1335621145462
1671972875634
1827349599024
535036257041
1708461561176
612140296116
1254386059745
1128073502551
1509578867651
1193507525206
1730456068446
2126832434036
1446522306188
879892771155
1783928903789
1598508930034
2062581598034
1160727602037
442917632869
1389778985542
1211328110051
1340113529682
1484577699514
1676708384879
808238516629
1888505228826
1382902535737
1340170997702
1338559657602
1576746032418
414616852109
2302671019934
1421408922186
1267034467782
1053872115189
442818755628
1501056725767
1457251813737
1183859350676
422859608156
1552065010751
1901601522542
2142357848444
1483683351794
1029138763326
1712279503298
1087311640881
1752856782101
681155951927
681443299826
1784780342574
1754652006173
1679184473519
1263013990694
1494900808868
677804200477
1111072946805
1267166264727
2000243106304
563383195253
809866064339
972771502610
1353445262078
555404526990
1618836276692
1364712218291
1492985406976
1214674966146
1357304541836
580579439552
865451266657
1453002672026
640034145053
1144109519013
1564761456637
1630569447804
1050681392782
1146134255881
1373022539581
469535911896
1616726149264
865462624600
1778199705408
993407385706
1701282271618
1688294503212
1408373258494
906466600487
1443849743921
1254831263558
1417151163068
1215505860492
1479450826776
315800434028
2029334437912
1576463276676
1571991057920
896560658109
2080665429980
1758453913306
1918600751390
815835819860
897506226500
1295637864272
860463931500
1573112483720
1303680051710
1300759534330
1007431064180
1858200164920
1684940710125
860940821148
1463803179896
1481514786559
1800856551646
2151216328092
1322880890950
1152037612568
1438463872873
1929239194708
1577967414306
792595139290
850793136229
1351359128346
614340866868
1246735837008
264443358197
1468045810140
1126486943968
1859719445654
935070242685
1106850009628
1801543608340
1724846452520
1558765283904
1432456929532
1666511257540
336085758464
1176917708176
1665948593781
1166338848270
1856753354205
1213507687965
1458775992307
1619729378872
954595654046
1966541749903
1566630379610
1340432373804
584196593907
753190008459
2142405440396
1530965830458
1014048713981
1018170137504
1888555696368
200520047624
2212108877882
1691240289346
1500449400788
1543229511142
1570966926203
131288746961
719640582928
1589939567018
1208630959991
1213976019302
1036386671789
1041476887591
984229830726
1045379440797
2077359447262
751813665663
1516436002984
1394280391168
1774284983994
1904263082318
1049589515864
1108384557658
1856399144564
1697627227968
1435543501710
359362617807
1515619733942
1477086224832
1146440319352
1721795884004
1516333764806
547349957701
586995033251
1258425146680
729819734115
211745299413
1629839004844
2184034983600
688765305029
1869472649548
12847917208
1937775458863
1388833104145
1676335818300
1836346343694
1699847220268
1473715537582
1991334824005
2585916918788
60091053480
1027271210811
1230850593024
1702174366654
925128316302
1993734193888
1158649286890
1863512525882
1804450202278
1512832736843
1652838516056
1704775329933
1574335195258
504159869516
1208566459953
1543669079866
204965173407
1582507877236
1955751754202
1344368664582
1130578865580
1436874582378
1434006104141
1241231006436
1381581321280
805796579686
1251827543833
627207960434
342581327296
1135924648841
1863797986862
1952105309782
1460559305864
1236427923526
1430805044278
1534857346578
406708091967
1329297051102
936148181755
1581858156223
326393550822
1351978066980
1665660129297
582082419355
1106815935310
1899356371746
1851265033858
868706451518
1445764605228
481682669451
1304406763314
1523989214037
280352906133
815338046599
1559282749420
1268886073442
1466808480916
955161242345
1476080913092
613660311354
1541805602719
1558316703164
1156875477894
1571429909786
988211157869
856619794871
1241713850216
1346649134160
1679542134656
1764666968818
1258277586848
1126245770482
2055441125926
419641772961
1383356638465
1292358191745
1495883940848
926973548360
1239209874238
550339986991
1423790380790
718778159697
570190225549
1596580712786
972101631149
1502805697494
1560934794168
944388564321
591088083108
1072474218802
856619794871
1649440373640
1561970305844
674645851354
1666295163227
1070101571892
2045266088807
985945916540
1219545179330
607359824397
1428328234005
930739822477
1815815901940
1370666421598
1738677653185
1768602944698
1451864724266
1234923673776
1610348956940
1677266961169
2199635286412
1651777938208
1404774585981
2040757819694
1681175695706
1721227773590
2060057389974
2088275602350
1311078016514
1524625758552
1258610168408
1326526304577
854330901924
1416637248550
565799165743
1718103106554
1283145199380
1317500496520
1503907430417
1921944993048
1279905779150
1203743590786
994436943524
1548256532477
1640219332223
1852523250064
1367957292417
1467373815341
1384821180796
1651146589509
271692726465
1442907421086
100177745511
1731064175028
1309471386712
2043141456558
2078167371518
1040336081265
1100532974667
2401007692620
1809562142066
1128426242666
473627204979
1976544049150
970424112850
850773910152
1745393985646
1573098044647
1195640435212
1861199425704
1131785096704
1683186182377
1392008562168
475059548051
1537853165534
1312910270740
95429286216
1722568360960
1821695864298
1337508045512
1522728655100
1538451409758
447926574833
2062983957940
1237522158447
1867886790862
624905918781
1426654745629
639424165616
1378149007768
1683166774864
1777331132504
2155914670920
1921326079896
1425211152672
1655234047477
1883040707087
1129024753550
1623995353726
942884745182
998981994174
1709405383306
411272509725
1695774430507
1089178883511
1399819273427
1407771741359
2080095192958
1732123819018
1085089605717
1744719731072
1267022670159
1559968220985
360430257297
714529538724
804274567828
1751211635832
1010210845901
1702036561469
946114441338
937778984938
1643792130696
1424329423694
1711335205631
1644511006676
997066175156
939487741340
1674206400952
1441950713970
1561049415890
1358553633708
1104201525087
1362230706098
1739837422630
746409242949
1197117980149
1049154747493
1478790373936
1385836737314
1454029611705
1201915018259
1653549979772
1300577803157
1881727611700
1306872975521
1854590044287
1763793265830
1030826946348
1305987730722
1408800900730
1839811403516
832924450311
1187651088202
1018244708463
982816446144
1789561420794
1635882123214
1109083112609
1319276155452
1823896820064
1044540399144
905492915459
1799993304103
1621066144518
1967285280199
1233285530179
1028502010300
1140257503010
869331012268
1047499558547
1284034592616
743620437664
933374458242
1912147050422
1026124570603
1622061608476
1253026056395
1786673460662
1437185139794
1287681827529
1146458310444
1457429366782
1496871379766
1337902310804
494554183814
1002282169038
1863253203784
1054875523641
1026653819297
842070031421
1592926437029
1860418249068
1108235854325
1798687870264
916181352091
924045625450
1614785151123
1793179410166
1824846747880
1469558683159
836582545281
234213787647
1091298628236
1482113700911
721799907389
2205805370126
1890194218810
989447298866
1253500721123
1405875319962
1364141332644
1545545557284
852869190355
2401007692620
993919741070
942884745182
1632967465644
1473873786861
843936727963
1973947261250
1232562967200
1766379336882
1605436484791
1751885375261
595184291485
1905202267413
1302818137121
593122033221
1581858156223
1650440096598
680298731726
1160695216210
1104283118666
499472067761
2086519436382
1447851105690
1559249642236
1280326492677
1495898192552
2002782028535
1624352292971
987548299226
1009939509399
1562255602776
1253612089585
655100457352
1551047500769
1606168923482
1272292433454
1396533878392
1179283224903
1555829996368
554056763691
1628172741057
1557285807322
1123765227605
965496156046
1211354489746
1432096698215
1378273579684
522845368440
712635793105
1553296019628
1258706214508
810518417161
1104777663594
731668366394
1487219246162
1867774984616
880680962885
516770264149
1331254339334
1481953238044
2077359447262
951776558505
699038222428
840572731060
1544523408855
1556483584846
2191537132630
678693676667
1716599022511
325464918921
1756996527976
1465520471610
1371161558106
1963017328199
723672683726
771796435173
460618223033
1365422278757
690508203920
603256706124
968668547726
1371065823972
1821304701228
1314606059801
1073397175238
1605611222432
1263921838596
1322097546580
661674388906
317625633855
781181680062
1150587613930
1750878824988
1186589861865
1425147899084
1187337784718
1232471867492
1819646987509
1413915056873
1498033933030
330480851324
1203491255790
1053049325772
2105890701066
1477046178680
1629406217784
1556283545465
1379473615386
1786191114943
1236080411344
1530476430999
181693629176
2000710240710
1475244942870
1044262948887
32771334458
1278381875474
470976021485
1420096394350
1049158906081
1232076588450
1586467536515
1137186220942
1809213393983
1610346833958
1312373958089
1569428375234
1414351312194
1045099879426
928369736409
1805072948709
990167360190
1552961080264
669497315148
1092675989824
1967285280199
622559243779
1487149047434
1412408262818
953867277904
415043562256
1644661498528
859899181914
1533352209898
1803584139132
1847963209856
1523279923490
760607273542
854825070157
1555275496698
844580584991
392244781367
1596687498570
1522769994278
125248702057
2012287775766
1430102129786
1342939975474
1758222199438
324256917428
1300599871302
1205869505118
900143718339
1939346177619
949013946773
1202032411450
1399732128800
1773076456364
1390706389650
902907113379
836689778550
2149090903134
1369614904995
1860008542279
1573006693612
782050988332
1025776926224
870596322992
715903263611
893728485485
1057987887676
1590162517891
1515872631043
1449885108264
1006997310872
1121378557497
1524295729000
699980081550
751317394304
854610848736
608227886157
2239374524310
1990400578322
844923704579
1052952006495
1211094071942
1711543694220
1628630940637
348097370477
908428935070
1888944013308
868008742871
1140736987614
1640092982857
814643296158
1542215214928
554750763131
1579186688352
1017444584354
520037845070
562359681554
2259261978220
1853757178740
1458775992307
1059730953715
997793247389
1748895456266
1478766238690
741160083238
920608315417
1710310477573
1913378792239
1174657444373
1697899435554
1141416448051
1730580338142
1306262599512
1357070155078
1002893592838
1276586999242
1149908260474
905855838271
987030832960
1371161558106
1331839498648
1930142051734
1724833721463
1321310834356
1438080926088
1080672866792
2357594216552
1590331393893
1211178909002
1434859304060
1672449133222
1353276309293
1280012917490
1321528277918
1456171977412
1377078156230
712750293769
2150972136514
1500241975620
1089732925156
668805683273
1626216308686
1463183315704
1362874703908
1845346551156
1313220705276
1129515883701
1985556855848
1151076560317
1429507114071
1051968540550
1150545126350
1525366842284
1454064825236
1657399732588
1520562241559
1391811368348
600834168132
728427608059
1580557087471
1549561298282
1071789618357
1669996336610
1459450639576
976822039256
1291272564420
1596430822680
552187172421
1599209318898
1351643456784
95087092313
1304807229854
995241769931
1295205191045
1906155659485
925266298164
1418413273938
1201297014043
324608667659
1355401511896
1390699586452
794907372939
1400109855900
1241833627724
1736870881989
848790070701
1106777331650
1405515678143
945338923536
679496465012
1126873251453
1253914676578
1742292704263
973007156291
480732345388
1057273614369
1472772735680
1306262599512
493664317051
2104701810556
607757734032
1120193911114
1507518113752
1098213415697
1470883365737
1411347382127
806245250820
1419628544888
953618221069
1590543176006
1926068023478
1794198083842
2262846221126
1006005102765
1814379480605
830891462746
1600795246980
1478138462672
1132267317089
1539239042185
1871287941296
1660429308790
991013145228
199379957673
1218300982066
1717727980900
471935996447
1478777022642
1676224985616
100177745511
1673860105613
1241960194952
1477051147196
1010746386717
1432810996908
1271550699331
2434883299268
1984117751338
1669890871138
517761638332
1611479658424
1560307658359
692126717193
1706512436626
1578740514438
1142773435595
1092812632206
978831613536
661262616196
785965339530
1357518114620
1752091528340
1298676908550
853281714629
1630836230650
1398466690912
2164603208068
1192728624153
1396461227865
810952004575
1236737589288
1169577290632
1880893807712
1096541037093
1016159658707
1303923769385
1369503423821
2109438034988
1715619819183
1499641099492
1316427603574
1586477891530
1476245332021
1293942727736
1385371008500
1241949145990
1070908402827
578549861793
1306884884729
678453788073
1759213117535
1709985981437
1371405715290
1529524812143
1231184958879
531085233338
2182502024448
1338058606848
1339487969496
2199959782548
1472247604910
1010206795639
1163481059477
1478029770556
1514844280800
1538512659696
1483903806510
2073603402424
267288477992
1327602263815
746951598298
1601411047561
1946605120288
1460813543102
1632009608701
2036564451160
583930591732
1540135886423
1671257936762
795465511858
1108450752272
1596861609498
1965361774389
1677711452162
835725196424
1590622005696
1486895516093
1519915596126
275102808293
1078928572115
1439945549945
1566085526790
1214752616850
1056118770344
740428827788
759076816995
1829236823374
1489758466167
2159862762886
1340784343872
1656888361020
995997315826
1065009809428
1989038179904
970025377803
955506380964
959199519356
1870122992684
1742945465069
1022599824620
1417283012530
1453076841822
1963447004882
1708188165438
1534448594182
1568862771371
931556920695
1967137649886
1568606076054
1763265463034
1222567219046
774541433373
2047669607258
1578338551725
721930303606
1740481654686
1586671672493
1015231327100
1359489675744
1646241758871
683661548061
33714437780
610438222152
1670048830989
1637975841407
979636651386
1277594419317
1536733116967
1182154569268
1934564444430
1355470302605
429945287268
1022995234176
1583970907392
924857248988
632390765101
1018334361960
1420718894997
1102094321155
850408707555
1781045016080
934874631254
641716234149
1579339965604
1133199472417
917659456597
1137391834237
1222061202872
1375410275969
712750293769
1035426357366
1468543617113
1296266174389
1708216772939
2040955054470
52069540057
1468792008464
1842162396338
1667631893950
1404015531956
1990909637950
1359082218012
1483035045300
1412334002113
1553969780397
922891220541
1424436803558
849158606839
849158606839
427119951648
810952004575
1040024070686
971460994016
734003560804
1822397751244
1889702961663
1411513382370
1415445893856
2149885596380
2049700174191
1527194466906
1549390248105
1451867574378
1682570108552
579664547779
1618068537890
1740859503192
569862601154
1754086619123
976882849323
2076376946062
1489461712530
698868207163
1494900808868
1211220776891
1418355239648
898084392663
1678759244114
560931198378
1242341819226
1591544356431
1019149222944
1566265304376
1538616449810
1480858931330
1443715222370
1476453035667
1067363047860
1175511666294
770897404033
2218689881070
1646379338416
1140479586885
1709753018826
1506865127093
2087413926780
1381581321280
1962344870636
1891396442292
953021110808
1245771728441
1685775052096
1468246633281
1242708175464
1473471207140
1476788699824
1614633809010
1230584330216
704995432571
1879580224246
1410552830873
1281684724430
1203454942821
1768671985856
675728474791
728628658542
933335022606
2527058401956
1336007435922
1816236027296
1873323323188
1509636854047
1400146245490
1291934222249
1188343187361
1641723325138
1650844973770
1279738386216
1228855280205
262504309738
1788011589072
1607081296696
1748737296829
1160480322308
1365784886418
1138501866342
1320318634894
1016011271046
1713268830489
867599508760
455030720367
1170033917874
639229663261
1698893773456
495051035732
1942916488214
1033316794006
2024957530518
1813789823764
1159931056523
1506386215388
1730265615453
1058088921981
1926414921324
1369269958226
1278718400513
1576476914402
875070219379
1357455933490
983483011631
866309899486
1712762155689
1903665152418
1154389538582
1338534388256
1405004761469
20039116152
1076552146622
1056887190174
652623580698
1439880832396
1653054753733
1527318797409
820603065225
1061297463693
1129037430825
1288657276460
1312452874096
1269734633077
1714034781304
1795305472014
1512827116982
939901007096
716567860269
1359194021375
460618223033
1045350247351
1256865233342
917200967457
1498266630317
1938442800582
797415049566
760471744526
1674598088094
1836044495340
1592127922106
1125778333555
1920330085464
1547941635952
1394756348742
1577471652276
1703806948382
1843666991780
1043939615673
1643225436153
1678042884024
1803667734174
1384514053960
1378853042805
1566025210928
981080241140
1588183536779
1346169502697
1389194410721
1844623271150
1549008170348
1675802621534
1219050859826
98343361286
1000192536609
281681801973
1539400785204
1452291130553
1575936461284
1366792480181
2087771814960
513862847573
864956027421
2310465695100
1395221019578
1138601053318
1545311183306
1132362218546
1090424732510
599769981843
1157436720177
1620264418613
1607248476767
1686702431068
1972402376278
594137815392
1334172872552
1750340859856
2085653881582
1630685154352
1160991711543
1172865133866
969803171444
1122632333048
1358631551069
1883168725500
1838860847502
107547487171
1766313083146
1408088434864
1057212887973
1649349594419
804430183260
933374458242
1829062611125
1262960951015
1593083639164
548417326771
2104713033376
1071988453146
1431100586085
1762216389760
1227648338705
1687037557717
1107813861064
1728896829844
2009802004212
703203040144
1011906955046
823409337837
1370550059960
1298571911181
1120965532164
605008946234
2211389116830
1615487976272
842454543595
1373816912882
916453913738
837212731336
1040094135452
532328233229
1389750915052
1899698133720
1049559405470
2408864068348
1270253151049
918969043865
1603456387628
1848600535106
1107354704594
1775014293666
1150111659472
1229659445225
969726983158
981834565399
631834487082
2258631482796
1043980607294
1244929693122
1384415022670
1551300323090
1587190201283
2051449593068
651251896644
2381537213260
555978633623
1225070510488
1463696401047
1098139522446
1179699640638
2130521423746
1522606320264
1496080142014
708467480844
2160617485576
957037789010
1467327905548
1462856883630
915584703700
896247306645
1732781915350
672082071075
1450982966120
2114876405916
1426383377070
602829780275
470677918597
523910554491
1315388771432
1601057093612
1451872579800
1685942144330
983253667696
1023909701024
1417474250326
1404424727423
1750510920204
2133733023396
1054417874275
380166681895
914897696791
259486400679
868941654324
1030913433760
1621814515514
1555741529433
1543374275450
1688651047496
1459249558016
162381736179
1108335313503
1036963996328
1942033158048
632050401163
1531267470846
1818881602046
1317660413359
1358722740184
1339100597890
2020428215007
1361409840992
444754970021
1244644392232
2654524025236
1787914197774
993919720257
671160779546
309039074819
1124701656164
505405837705
818591407155
0
1614633809010
2038342567018
1670896737066
745972408827
1418244395370
1141228913267
1453794174677
2177597236950
658315524792
1213810417371
1428538551110
1376862826922
646705031900
1703236328796
1456623372337
1147758705898
995493706035
1313746664057
1662942508818
1295053385264
1526158815560
698127158566
1272809438690
1527634814941
1607549585424
1813674418717
1638160106744
164215463868
244129018155
1317486006236
1392763582030
1379593323743
1351346567939
460681881820
1400203194686
999101401642
1066750477160
1260805725000
652970537595
1905951933122
1309734164798
1262637727157
1776519958926
935586264032
2055499009754
1205814516510
1889884603578
1256605606384
1203895588428
1012562828390
1471806230860
564702827951
1459721333663
1495956631886
1345690246565
196998888988
1765219141794
1398554759145
387304943627
1369475267768
1702595648022
1448675410519
1409895168866
561951619194
1465681596039
1303791439522
227692165252
1366579567744
1314431410151
1322936440766
1176355646715
2057116984994
1412747931529
902607036290
1224647853466
1403597238985
1343249766517
790245757909
1855072463584
1184764927488
1406032731088
1392418376916
1315432478900
1056798032367
1547594433675
1195917269846
718566336234
1724661670544
1155948063503
1252012888641
1057794198161
1144607210546
948220936036
711260451961
1206477016601
1277625731339
1168775807174
1144761195754
1737028654098
1063235089720
732589384612
981528691026
1670703114067
1361759374473
1840049140580
1692080948081
925266298164
1651419524296
1520554770754
835644106633
1906324427818
1751370266309
1542529189273
1780389903004
1190001788580
1008849975346
1652385462101
1774280009046
1144339518240
1120130485519
1150257263288
2087546820368
1359962839223
1522921753338
1457383550699
990883681901
1777564694714
1043715468988
429214900408
948569846431
1558045178734
1318033310066
1008270280524
1432623422548
1756701034712
2120946203222
1245930684830
1161116897592
1263107469146
1324413560993
2227623165840
1204028219873
1121075678163
1503273187709
329469676452
1663797135881
1402755796354
1406638561201
904792197989
1444152557323
1251522652838
1319742126686
1014848480340
1766564267286
1353168075677
1474448829246
1598258997422
0
767029841286
1246782380341
1406638561201
1036588662962
907094006035
2030520765917
1331085901000
1378747364798
1303270039987
1532893834567
265809079809
1376373005743
1831321856573
1689691728719
1138473786939
1311702656441
1837461082660
314772498059
1266661444385
1085969320125
2335240159988
1055425599138
1463312436518
869445433558
1164810345406
1206588133730
1379544217420
1304437148572
1676042246226
640280824457
1720469472860
1221269518573
887268101876
1608984987525
1536457761628
529914764424
1272847160448
1647828470296
1315781013621
838000018578
951057476395
2122724237032
2013604151646
1317939165465
1661806423206
1241015964132
2588154190324
1439411729920
1815315753820
77324232108
1034235904920
1767539314486
872583012156
1434224423242
1586998558124
2014632947974
1277941510026
1796431879632
1097116719986
1227142591676
1938291589892
1624974408982
1858158070982
1362869604263
1843493478222
1137513246634
1650624548372
1177439107374
1771055453194
1409684060296
924818732864
1618267283004
1202887686552
1363872830998
1749749226068
1554049643744
1760848473237
1877631403554
1976431005744
1381603512703
826290747638
1662217259310
1075238076584
1170946895879
1451643764981
505071044900
1276639117181
1793505640868
1343767453825
1660230086912
1162709110599
2429634831276
2104701810556
1848966335413
1696830647532
1868481100078
1432783646390
2016588477972
917976720149
1200275971345
1313998769838
905860940992
1509817188424
1514242446204
1114616806912
859165901980
1412648087982
617069390804
1117494103001
992202781332
1172104525144
899812210899
1370060872362
1817501845162
918307097880
887615204547
1370249057423
1500935975060
635829622438
979636651386
12847917208
977156759747
1333897708434
1001643921029
1121967654431
2088858306104
1320561807528
894886939783
803796038512
1187798295371
1745469017318
2012047251102
2099665097652
1218550899946
2258631482796
1828875495548
138008540160
1657487070776
1272597461866
1125403081286
551589539759
1561748689482
1261828010647
1019657620037
1256456383324
1431735129218
1916241852950
2027868691244
1341452895368
2023418360446
1218998150757
887980594391
1835452127214
1039047888181
1479549114616
1247675159252
1383806120246
1696363054650
1784214003998
840018347339
1702398669361
1411605212365
1731064175028
784112250123
591088083108
1396270578033
1720286612365
1531337486858
718092750330
882413676043
1220423309031
1375126781362
940704128693
1201483403463
1374628364477
1137467756126
1354359253826
933249634949
697837071383
1915766383396
1002282169038
990878445157
1345532490858
1209041335274
1106099856887
865753081877
989417003744
1151676696665
2037477139766
844300910013
1510823236389
1661328694410
2197130643636
1797217590428
2200806196002
2006907028004
1414541086047
2058970616140
223713911413
1191083136254
1398206471477
909212876474
1549939885056
1761762531772
1127767062794
1841189923966
1691933865789
670192506444
1149967274180
1991521982791
1556185612688
1549988117433
404980319695
1911271640063
1893762305352
1324706127296
828892261812
948793044701
1267212137193
731227450005
1470917193944
335485913553
770456607841
731739025075
1299891809981
1117793004711
1015967227654
889420697075
1127997936714
923417661757
1140240868456
847168497051
1338897856442
2139258627148
1069965446290
2135380597846
710327736891
1433625670988
1061023204248
784567090423
1988181364432
1106475961782
1648323278327
1596947932224
392353927091
1118796292295
1553250290613
792255452695
1397515162821
1453357262550
1173295969976
2392419199760
573183145656
1064679685062
344393272620
1426608562344
2158355974686
1651190017454
2243144513126
1887142274542
1244808440190
1811655760862
1614859606549
1665925096066
1677504787447
1589847824570
815845526077
543333272309
799340626127
1550642162293
1373451490104
1333534405322
1093740304849
2301438800908
1190008842373
536935651048
1038828897912
1141966414164
1551697718010
1274653276773
1564761456637
755982883876
1316449133894
1255715242068
1322094668426
1608952883541
1335631073961
1614538652858
1563292390984
1760273582447
1259032287078
1249978524069
1234605849910
572631742762
1422628064805
1228172191162
1660144712444
1243572911608
1350594099936
1952216063478
852176986797
1833580879168
1165687673398
1286100649010
1509606715626
1765719806878
1252863466500
1779826786208
1446968172718
919170711338
1731672906892
1523340732717
1052148064860
1526899179751
853375495707
1624100922644
884885223166
871157366009
1169000061390
2061585074120
1901270700022
1776138519941
1205913472336
1454691416587
2242669298436
1083960238994
892488394610
1849093904122
1316610951069
1359074997924
771846925971
1664233452924
784035326589
1136385883465
1164037860268
1613683639346
547802382031
1310202215326
1234457061635
1487581494511
1769187400600
767670230456
1398554759145
1844008857231
2144212662882
2007785297476
348744807939
784024185576
1313841217155
1389396560564
1308704671054
1273678394207
626918380912
0
249181984704
1955273828981
1802048509932
1488904592522
1477401949762
1369577339921
1101794275488
1455790191468
922333020697
1498685794941
2203036939368
780018024620
1045008701568
1196183907734
1645723549282
1165864228835
804430183260
989803764741
1619151245480
762904017086
1438816849462
957410044413
995528381417
1544389581775
854722254608
1841865227100
1350336174374
1018579428514
349835147854
1608835654756
1850277533902
1872313118631
1037947412984
1916282959466
1532154455167
1154104577074
617179672166
784845895931
1564833987930
2189574050968
1781541799919
2041730909958
1544502138516
1348248907290
885506621417
1234319394562
1621814515514
1953402967642
928435336655
1062514573996
784151430986
847263175397
1033018697604
2174974407724
1389788952447
974597767350
96974753360
1398683388169
1405322478817
1746934014498
1341525194890
1291990630896
1569517531885
1802302030000
1157757967213
1446929668478
1421230954578
847997344498
812632299074
1035925260968
973096707660
1296266174389
1372293995762
1454261342358
1649361230100
1412334002113
1431990877863
1542930649081
1337789287324
1230086630679
1314442337236
1573459973572
971262834976
1244934223537
1120221405915
1641713606712
1230809377335
1609727801816
2235010937202
1765719806878
1863253107781
1592926437029
1451073916082
1562921831008
1788011589072
1552131924236
1594174857334
1903346599028
1939520797773
856815455600
1415680757226
1203334594191
1453744827090
1623390268039
988211157869
1300368026788
1461952148399
1347165032346
1142197006179
2020940508926
943450461229
1006135214464
833835365512
916561968104
1140450570774
528245816074
1867818335414
1456961825438
1239907253921
1644007766322
1737122637533
1586852831608
510950406456
699038222428
1336016485110
715613777152
1725776263800
1898363679462
1370884751093
1551804851272
1128297093794
1221223928120
1210949812035
1653108921954
1116717826586
752829151932
1466983809054
1990386152605
1827860764397
1142104319943
2122444878414
1889547464260
1339382631234
1189360479902
1373805952858
2010906136655
1099674312805
1153228952825
1173442758902
1479825678589
715903263611
1953783050054
1158241781649
1915119775272
463296418147
1364485892166
1443959331744
1009476968192
1298942813426
1396566955334
1469376939468
1205386368119
1823931848876
831319524304
1209483282015
2093572677902
1038439294799
216941400333
1664779928344
1575115636568
899892298140
741078981138
619464762546
1368650021672
1334417025289
1132350933286
1118362017555
1101029927027
899281481990
1344743408005
1740456553454
1181573013342
1761984397711
582152962242
1466669547327
2403515993876
1760334086037
1453283068610
1674671379666
366986068459
1275046771854
456177548628
1439036940372
767478926329
1160393010198
563606609579
1329122043290
1283150039710
451549172151
1453477003238
1873426337383
1498681526120
1285163048439
1855867899970
1392792996550
835949815997
1195932315208
1218307189818
1306963222453
978304723482
2104713033376
1317501762800
471790293693
550347057237
821838641040
1146836234365
1021637596668
593122033221
1596989155665
1791707557074
995837422166
1510112123013
1749384849044
787444205448
1323720443006
1407128235198
1141337377272
1163156810144
1541205151743
1822410308614
1092997209211
1373084310948
1284773380913
1089553396598
1630363075510
1179648968697
1382326171106
1447993047274
1206477063706
1467473316432
1389033873791
1863253203784
1577974133490
1208922733433
2034440689286
2264167091880
1230037764734
865832809089
557083338191
1458394275358
1063785043836
1165076129882
1358799012847
1939156151166
1838589170396
862774654966
1239824555513
1460972928721
1069435354459
1234461487517
1881415240100
1680841759047
1305395109650
2398666742604
1066288182776
1830977118951
603978838637
1051557631640
1076498615264
1520500838848
209433340770
604972840067
1808022745933
1705835696876
299829628813
1663012092224
1337406719638
1573373403516
848916221337
1319965812398
1273170740961
801290869416
1287644791320
1356688043350
1570613644125
40751542692
2044127113478
1688274188458
642827072267
840450595708
1467586129528
1046513533742
1912220026005
1953888609300
628658435715
1936849490774
1358631551069
703377486421
1021415500160
1673690574854
1021580388376
2156055607876
1662971299756
1638241535341
1905581508778
1592728299160
781200779793
1383008809666
881304900309
1420426029794
1570876685450
984393430722
874829492576
1219079049518
1259658111008
864382690332
336526864635
1612526606303
1435122423072
869573104439
1621007298810
1855263983744
1149626080770
2035743341480
1325577347053
2100168629766
624966060669
1915899307120
1922449974066
1028586014985
1498711677856
1375126781362
625874652327
1875320298157
1591661138290
1549752458892
1405004761469
1712690994339
1544523408855
1245141333512
1606217817762
1380521480352
1213788135810
1533692368934
1434966953883
814748997579
1155922460837
1694317662392
201761040172
1846291305534
2027437360687
1158189135967
1040252125212
1647164054340
381028338508
1805366098405
518065264967
1392078306725
1048769881507
1535819197088
1706530748318
1726194105402
1488919672008
2301877823428
1668196925066
1687890749260
953371678622
987172239975
588968376414
1856607869442
1362543663981
1978494389926
1374380153976
968444858565
1422294476879
1899721517364
1357245690212
1407869931612
1150984551509
891586060875
754706001751
605804187413
1826283784898
284993284179
667508104388
1000370396476
1445142814906
1383874422134
514869391805
1803372209141
1965038686814
1175538754398
757389585371
1393027536381
574383397479
1162064608231
740827667972
568657501482
1711569728314
1332173648670
2086541092124
1175577137455
849363390388
894158447829
1511610027193
964605970105
2050610063574
508716186328
939681345981
1274917165028
2243344653094
1546152109457
792595139290
1357183891285
1909576997920
829760788394
1900854185602
903527195176
1420426029794
1350765733280
1483925089127
1144086225836
1868623798712
1267452554321
1084157243386
676209023277
829411128567
755919342639
1379928901390
1308812379688
1545152708420
1373958836206
714635457358
1243304422104
1820430852630
1708436143446
1254242966676
2051662194556
1119038943340
1782291153608
1322788389799
1475908637484
967528820457
1437141081120
2383819788436
1260677638110
551551275931
1671318744080
1483167124724
1390255405219
1150584320822
1236489777135
1280560537751
796893769891
423315317058
1513976432102
1990984379431
1231494575328
1120832540773
1428257026912
1243540752634
855230765144
226262609283
1150999276218
1279446638016
1066632232483
1445963273782
1213161217592
2387474236360
1587192267869
1789454447455
1659591150114
0
1554563634879
2113160548916
1466807213838
1617926958786
1756525672160
2085653881582
1338826366902
2058361943471
1062475421173
894823037149
1943192556130
1450637202047
1903977862032
1940786210570
1931976435959
1154651334375
827319048584
860380702974
694750460673
2005309230064
1176149275136
724747348304
2031803505638
969478032575
986981266977
1255594823796
1306011067314
1252045430064
1601593245504
1458927551602
1107317513592
1767128816693
1258561711850
701248008403
1317398479944
1346574311610
353709982860
1817571911292
1143062652463
1624758826864
1219706502258
1596580712786
1422138290740
625138038675
913752090558
1028956613687
1760222874574
1489112099872
691129350819
644292461833
1738141686898
1349999249546
2009218313334
1113587623733
1178648521977
884013125547
381661583859
734400590743
876840829855
317066966150
1146631687160
1436695307890
1697367287529
1061072810502
1878995441610
1071099345833
1709641371816
1490536708468
626432866011
1638400976506
154440949923
1530919051850
1285271622600
1392551318479
1076757653596
404143481087
1196294449830
1006019415575
1020993729949
1649609322173
1731033166784
1517312322998
1158536888159
1417194615416
1437185139794
388859999830
1780392012263
839213056030
988276589135
2039546548224
1439378830978
1070665477581
501513821258
1850061384892
860247984334
1571930919303
1600631869086
1511514056966
1599684111815
1517352470222
1385380341864
1411030165550
1259977982034
1859719445654
954669075386
1632980258162
1111357821303
0
560539592660
1641586033114
1080553453664
489758737827
1328353594365
1572286894056
1502594773034
1835610803554
780556581471
1644971418451
1262500983884
910229705231
1570701797204
459883440514
1209387036963
1446522310994
1743015643469
1742510543300
549124787574
465689868452
1514423098854
510085967969
1437817668943
1994047542150
1180990625560
1504709623992
1970451027106
1128787782281
916404204692
1170673271958
525398921695
1426526519297
1439447373994
1125694541130
2177914117586
1271337589464
1515872631043
2165252987230
1417258014669
604098815976
1222826154710
757693202709
1346718335673
1011528721310
1488257432561
1411913750636
1652458410732
2137365386256
1858558805028
1692256264152
1197218816052
1982008407039
1701048715681
1539584387139
809952881153
1674527210584
1105604144008
1815715564856
920082493490
2285164338606
1304356575554
2104199459910
1425452696112
1621712774658
990739736717
1681509781233
1901305952797
1091958470640
937251418996
781535541386
857696763169
1962347830454
2392324820300
1958774063735
1953888609300
1581718699119
721930303606
1188759767119
930923290944
1309017309762
890215263620
1870184711568
1337197873702
1499023250106
1083080596452
1136214542354
1588642961526
935822746480
342406525308
1231003973395
