643951200222
3215894419138
2775944616547
499623701975
3869224633878
613013207428
2818946157682
2363379844265
2365815798823
2250373414395
1143860917509
492532037364
3829187059234
2944259034885
3111445455188
1318176440878
2490435015219
3695773793905
2320117230886
1794408682402
1064240997161
871286284183
2532527334076
245038488850
601676806607
5412465338327
2604986955438
3106966519045
5432054569077
2531316405394
501052831265
3606255529691
892082766288
1091219105495
6080623251178
2025673818805
2460396551205
3096281429249
2284308816524
4583948042285
3879936681585
634494505951
3235451503072
4656970583078
5547205247501
1432598523486
712095148031
2868975517722
2075609601222
1974235315618
772460746971
3328518895810
359860561114
498055256736
651749222899
3316241765749
2727140373645
861360100317
576513650489
2976261177383
5431976133050
2395400359817
2458492335250
2454671221023
3550651448607
3384689274236
2443543567753
7248876791933
3621654451630
1087931789241
4376455653686
3595807714299
1559303158566
2459307072704
2473318115695
6147862303978
4245752042499
2380900943221
2441657019133
3203310285500
4022037163955
3158568365756
649226142094
3337770455269
2495356628654
4889294997372
1099952653373
3399471160238
1174710198826
3764628146787
961724211385
4582302385677
1284133050151
796766989587
869911297188
3927506713307
3350947117988
1413838991190
3800272313859
2085080360082
645426108324
5465649295907
1486339766171
2193358660634
2065112956626
2818857547744
386452834421
5778012296234
2674549288309
2320900979826
3022756792061
3795206986305
1926600578927
1918628984738
4286116255057
942023634512
1947944028812
3429508080897
3320266889779
3623252942641
2783481888867
798128215722
2962001748475
3896272637485
2885074739858
7341468574821
1909886932013
2975920281483
3722444924395
2990662267061
968909779225
2254218803556
3537716619970
3989810349469
2461659561566
2464593648691
750727597401
2482863843881
4740856104001
1914396168318
404968713834
852007436317
1582866908348
4269618821041
3381665584781
40258361925
2661779133833
2191893420685
3700804346251
3451251601518
3584371471905
4120944174299
1607541662786
2110311209513
957709005000
4323956410196
2116453248693
542023170354
2238098271485
3624901893635
640029379106
2364450865804
591227844312
3420700390318
2903248582909
608440168212
3447603628773
2159625902985
1171659630609
4859602447594
3822107953434
1056512635392
1491451579538
461818440092
2830374330002
3684097351702
242719136260
451753831448
2427455389179
4476050257827
296539832662
6219175576535
5132499560170
2946220821279
3196172004801
2073162998309
2237035474782
3767372908077
2909252864229
1838508747010
2892249327203
5136635382797
5465175369419
1628945520681
4994373113825
3452593030062
3633718962476
2107205700174
4344355171126
751835125490
922277733345
1506305075867
2747108584128
3541356008316
2896680945060
4047139012745
2916033858358
892082766288
2540695502018
3014703376212
2653235633251
2545421803154
3967289563509
858681332311
3503943380545
3200177385891
2282157806614
4192108259133
382258142915
3861023442586
3434284982721
3367590091483
3593060720691
3750653411885
428388489963
1535626774170
1927583178858
2391555202911
2510142980353
454171879626
1357019371977
1128978410636
1179872117937
457522179153
1069740619789
1075292325250
2550304157445
2290474191382
1377063540549
2097011469240
554169344665
2362698191312
3940150652951
1518187207721
1392418111025
3149559132723
900569389473
2183057564129
3307888328445
2392422917430
2738092868048
3740158439963
94243270109
2153747225910
2152868612538
2901093176226
4108794702641
5224639613873
4312062569517
6030825952490
3728643728949
2259007064233
2869116597282
2868749021223
4429689500470
3612510271775
5241345284065
1840993047166
1592980219634
5700197130711
5098923079485
3528784600881
2968458931680
2281505607861
2211851961296
1920766922146
4508336063533
917872816197
5963553432810
2119455267110
447993391615
1127922237935
1589077423848
3348134272822
4796277885228
749428472514
2200445826089
506609750040
4698851775041
513301659731
2589604831373
3841237125164
5777867361751
968196061497
2397056949087
3069990528351
4454668425556
1678038271960
2750720290985
3289732680338
1469980230183
3841944644209
555323377260
3342000887152
2290242635009
4106465052306
4246795893775
5372118539547
2521036942687
121517152128
1387934193773
2675299623263
741468148133
3933786243157
4328366075907
5395861013463
211411909973
1343928683778
643985173440
1914396168318
5775801898509
766744528489
2631082573026
4717548468473
482151529373
1691600160564
2944457692624
453061275436
3705035830153
475417521906
3826052078841
3902086249772
2680057070560
2323490500800
2666353572347
549889238137
644135154818
236239756656
935011724170
2076967026082
3726578048706
828868143416
3272051099187
568277947036
4127765850917
2662633126820
530461797572
5356937213199
2687549650915
812497946845
2997155372838
4358424493681
3563444415855
3486755175392
4098877734977
3210885063461
1234729972086
1450044262210
2205055978404
3596136519332
2752415083546
3673345556012
3296661380611
5535762353190
3498422623100
3482879126613
4834186694229
3510454707081
2609558174245
3969580977828
3185323917026
760267112644
7334731573901
4071359117725
2138371770771
3288952062683
2484599065439
1024447426031
4151155571043
4730594853421
3483983313788
6034646248486
667477923739
315930913090
2446054904133
2448631022686
3954030816689
545205506929
3451106642966
3033122017891
6197008679974
681326688096
2793921241754
2864691123168
853031959759
3618693281198
3648817073853
4766552963321
3622497391499
4442339482525
928151636972
1697143543436
457959991448
1676239296418
2611189177631
3802238819753
2803808060467
2329965005570
5542893893089
3432096004908
3751254175030
551141398673
2858459893274
3852426604027
308612118847
416038784286
2605085283184
4052632351970
2420269587038
2851136348771
1664530501295
3633718962476
3176320724780
383744764879
3079428017174
2739179543413
6441927822295
2793610890380
3745673495062
347909815059
980032015163
4840307516221
2804401681206
599693486473
3472849640701
2246102894671
2576781196541
406534653595
3368863963365
170106660498
2469953235098
594490540803
2856891276991
189560718998
3048588692944
2073269700645
3824781459261
1692187994521
7003967147645
532896337825
2919976854622
3324059183842
2055326315359
3646307855012
2127219530498
952910737559
5808217769671
5432054569077
802913615980
307954886474
3499750464812
1276800439041
4791149822269
1751092795647
3627301589249
4848804591117
2242960780826
2089373795236
1250496438210
4246764008073
3112612646029
3114885359357
3869456681688
3288284053619
2006282411182
2977060557663
3016602139616
363819249739
384976746724
315193359909
3525823633236
2054099396126
342296863085
1064548117208
2158315415101
1221720190710
419535012190
204714136222
4426504683900
2433441802786
4284216590879
220029137685
2760185806947
758171543092
3721837097101
3000978025104
2364450865804
1003426583239
4680067731163
690895987587
3339793245953
2338023177474
2568001675005
584063392174
541515545469
3222440011483
2367262020754
3691248200565
2485419416969
4767500762125
294178616930
301006514163
2578761196570
423626042345
3297615185314
2170277823883
3293793492137
1549835268271
1102906240172
1428402425388
2385360605237
2400311409547
1378719236587
268715569793
1950986251013
2184789259290
372187674450
1067286949541
2931875621284
806140180542
3141943831482
4071909974740
5874712622605
4517917117750
3156294534574
0
4625652993258
2325765241793
2852913629919
2503123916428
2664118267414
4445945689009
3853370287650
744255874150
518016959391
154579826262
3390825085860
5197113779750
1430174281816
4585152941885
623868467456
4614228632067
352890243643
1188509109625
3134144029602
2852866418302
4453279806171
2243108390146
1341546395242
3992841984161
4869563772337
1426216473991
2332904707514
3596844168093
3702606831827
1486360640863
3376134976003
760837214966
3041934177039
3684707872410
1821985844265
1040432437886
3147491798130
483316381162
550946394485
4287645795341
342030638206
2935434670309
539664869738
2783880703952
2394692117317
5110174693926
5709943611361
3879429346205
2082217958751
406497350800
1121459055020
3307928009589
2773022414273
435096133524
6295908158502
3074523347088
810124473610
4492907537841
4024228199292
1076966425640
2529683713903
3365550264034
1801399334526
3234425123547
2312107579006
2078434489085
3008498808066
4468076957740
2472723504662
1762926812766
3713596996865
3221467342947
3122351769139
343758485862
2398597996178
3357015793371
2914157949370
1843650603269
2675470861965
4072082857782
4218790465895
1840889280114
3437850692401
4992947758677
3107860485669
2676290782116
3403873598245
492594378756
2580155413253
4232159746133
696520704589
1758627065126
4213416801690
5432054569077
3381125914422
560724571782
4144293548379
4419707505729
316670354550
662941025722
3601465523965
1155496670885
664407087497
4367050625253
494591423873
2372404718119
4115638598625
1380453160280
3995583150841
2581609082109
3823956518395
2681939086077
2920101825324
1325433950761
1579429877721
4472582490941
3241688477602
4067697483637
1512524750399
1586579235881
3431612600373
2557319288946
4499201915178
4306472688428
5075316538381
2305834817138
729193982364
4254010738671
3801045491299
1008284134536
3944217239340
2527990509619
949769851040
3202690678958
161106280286
4916096132034
6304310967255
1041534633762
851889020264
2516269583413
2291817049853
4215038561201
1041400900335
3947127307861
3338710502842
3777588070453
0
4704005012995
538528834704
84680156390
3635232262209
3753927365349
3317947661538
1711822953272
3727302325477
2061296485744
3535821516572
1128061757432
3036504087740
3360565864193
4425097031765
727135722692
4785546326333
2871220492914
611803019530
2177720657316
735768670984
748397390346
429723915408
655036313556
434110019584
678674403691
4714740797733
3880661251979
2721670914348
4781251676297
998729938537
535288093408
1561698381203
3096901565154
4152778247483
1776223652446
2376571300609
99752296158
3863824394503
3896422008733
2904942358697
771682963216
2337377945595
3709003494301
4901926513165
3177330565654
982617895894
1296942276750
853382211415
7228113896061
2608836397109
3540613950529
3494122687343
990107234991
4257564974890
3540205805313
3645686749237
734654231382
909945385158
845020752428
1865095655570
4478990067756
1333166961657
789743886772
1281924664329
3334623246192
4100274643756
1953355775749
2599054848549
4278064786084
237940713896
1730433016102
4938749032370
983628041947
3189441230219
612510680254
3626157757097
848487545333
2170756650533
2735358491935
589101156
4262505298084
434860148317
576686312375
4330302218108
2884719335106
5114195210745
2745241006959
796424872438
3199216733633
791219777000
2327495823297
1072057303376
0
3920592229237
3835345917443
319804000864
2108108589097
3798177578284
1531696026718
374365299271
2364640275098
339957284169
2062721361596
5063115000188
2642757223958
2317182080666
1531352510619
3468280996253
517364360614
3641424689951
3043045669570
4191445079617
195535646617
1722648437394
3815896338114
1100948301125
904196430599
2417185084557
1748771114100
3160538031845
3935449360677
1133067628817
372941210083
3813264186668
4379312295345
757320295023
2366681996988
2010657835566
6166843331709
3072823959778
2415959044190
491314608386
375267764900
5846952907223
4774239693019
2946354151729
3858709432969
3086980392847
1188975183658
1112614599243
811279859421
6197050313962
2614787015938
2519424717057
4834186694229
4905314985277
2817120753058
2722755272243
1445460430581
2874870712292
2769832471586
1485240395953
5264952035287
3442460411414
2591775834064
2274882553996
3672658862885
459107335237
237165151281
3181172192549
1943604448282
4686940761501
3319890318800
4265902475031
532896337825
4285932755754
3300785087717
248177868414
3041220562626
2928785773429
2460224758978
1961543939623
949506920408
732631950236
3728551040653
766185039034
3028903165791
2013921421732
4086577957297
1278448703628
416456644083
3604412056822
4153042251913
3733180905073
4630630163500
4478818787563
3576852993587
2796158214961
2614275713417
3332716431109
3638194645422
2977207942961
1005499765439
2783303236800
849819725719
2313817152686
585872840808
3581195131955
2154570353958
268170769763
2143625225658
2861400735020
613399189774
581582107280
3258958758228
3154353978505
2140406635428
2425280589061
4362345106033
2594865377136
1760410450271
783407798652
2533255070001
3530912328175
3739976630645
1034192063672
288847974410
2204956036748
3735757161765
3646307855012
2542888414212
726466575556
3142092457424
508690932287
2302795875236
4551119058913
3791185252639
1440859545649
700022574934
2408133710889
2709977903296
2410491162778
1665070911634
3653993791522
4060099347773
4545967774641
2618057207745
2041670220462
3797775534972
3940863870178
517854052340
5188940230897
2061668367898
3859134980396
3422626316598
1292219151358
2952967824684
5188940230897
5308758978086
555360325301
1741161067645
2295641529878
3002644799371
983809047761
4624894401829
3282333013692
2049523136226
3735769404950
984288410058
3600880787043
1376979321150
2167743655026
2175596906491
2823937643559
2622405699845
3937665973292
2642881924702
3061165262778
2818946157682
3454305051713
6233556070950
2058577641378
5914375777917
3581195131955
3487972199285
3760021017737
1250728290446
3112740388770
626229178508
2182313513890
2890281302781
4932876983945
1160381854344
1561144910352
3883583848455
2116985197986
5346887674893
2088972657845
3232332939521
2223280937340
707392451880
3362776750959
3081174452005
941273851447
3402889494641
2827278538497
2288640039106
281294949319
3175593471602
2084546421542
3194342263549
716281053225
3662361190818
3124679135973
2871407383458
2245798975881
3207399401355
786467924603
2193776794881
2037855986767
5079668682557
2198228582182
324203825688
3254000674307
800392148535
2701482399184
4550121435201
3709118108640
2068860761741
2614289460246
1014175250788
420368795120
3956129259893
1666034067023
859761409981
3191816858798
3732263607515
1036846897565
4702597897741
629331582863
2493040656290
2758174250547
790795367025
2282157806614
5365618456589
3914053695842
3688673430977
4830710313691
2937933246140
4263018740023
3270746205228
3046868925697
597785904689
392983551650
330044909114
2652076061822
2107823267509
2779467649956
2528596274470
717135550467
626727016332
3857744657145
2360539271105
3183440452390
951520518974
2162970922670
2809617509056
3203645075311
4282299669548
3479259007140
2235451512740
1618295443596
4818653192356
6181019077866
1797487391162
3445880772237
853707003585
939116116356
2403745050463
1622179941174
3438220339244
924711205363
1292267152335
2918271042043
1532002105126
843967138488
1158546156423
606316621254
418185671200
3981438080249
2855270134878
325968665172
5914375777917
861354331306
3077855877731
653161217342
2174126750063
3364788114799
2248007500737
3205842460213
3097522991245
1718963968553
3354793019957
3063765453193
3332684615229
2080714223427
2710133600807
4334143104945
2058372048565
4554640944940
1968296869427
2595892509890
278213330951
6260811733030
853382211415
6062926435050
4630675372612
729835219727
1782911579215
3254019765166
5301584401329
971490027252
3242704323298
3386099019267
782099188854
3473921721654
244774413754
3812956347957
2545998789493
3080748043431
3600964927629
5124000699620
3065829384431
1151902250904
3366359013490
1135808656794
4579467235246
3337645780217
1507290497615
3976284075313
1268408803365
2991296118100
1470671449382
3395423920227
2393992264445
4939878834999
664223181903
3689726930313
2141171685634
639137154192
3062103132454
887075118917
5365813745685
3610222186665
2553376439470
2899056663603
3584371471905
2362046599717
585538620179
3694780348515
4779292290481
5730801981409
1700172876841
518815515776
606316621254
5220962957350
3300591544065
3407318989792
3666918039204
2508530750501
148292152708
2914179241698
677324398780
268702033338
323794382497
905703148797
1490417241871
139242371544
4374114810020
3856614503458
2921830558908
4339318317396
1257099268393
2991764998021
1936024544908
2290410271283
659659656186
3024794654285
546010377959
3870779295881
4143213468972
3594734305426
2587965599331
505179284160
853261405899
4376753046396
442655104888
155232203951
3403990652204
2576606685478
3561179104139
3869746482749
3815051108097
2805041522787
524885871038
2787736021441
2022405471273
984956683878
5840641669670
5112247336073
5074231434721
3410384726697
4240707909717
1236260081241
506260589183
1225469517375
472264450690
2980670397222
812933918265
616402132505
3705543755604
4894981213683
656212337762
780014718105
2373589609509
2468829149535
2434593587773
542246167851
3466650972331
2941099921125
3387922319670
2637164321744
1097088668656
3786649203261
4963267902519
3356070890540
2415563903029
3229886720565
3616373398389
4453279806171
147369358984
811206644813
2074779857036
4285001563935
1455586953792
2170714299342
1066195251850
2223326749653
713699684303
860010466730
525570525558
942550066783
258189759925
402720505048
3157611306278
913944088568
3612507714697
1508610374383
1070535490365
3055366922971
4683635629373
2528986711181
2352435886453
2069315710262
4046216250594
3011958262501
2444927761549
410683358713
3101799314149
3717508172768
734343986447
4167536066277
4747171336230
419122904281
5938914391179
2329803512102
788332006942
286826422041
3024522756722
561551885380
2666417724277
3083831694899
3125105583056
236956751775
409457509367
1207404583906
449183525942
3341634224607
2315012524126
329238872531
3395344696581
3844005312609
1146622979609
33207694319
3140110656905
3347770134389
2225803750461
3763444022582
2291119015775
2244180159027
534471911191
1558693810782
4622990496259
3175188105315
916906374540
1999741085358
3442139057406
1926063005157
2882830909222
2302678962171
663579030766
3493123015985
1115879058809
4617023260757
4873441775373
2427023117173
1213699438732
1388345593685
2826764266158
2096374826677
3416864198564
2189669215766
4051323388460
586722336607
3034573563561
2592944017596
5855172423206
2737480489141
1781524423262
3463299028225
1256550036407
1906575503996
2203686154493
4635044345125
2851735555503
1293338863928
239156054286
2977207942961
1407165901991
3380657086417
4534676732897
3562702332277
4828568459055
310180054684
1244298298508
2198228582182
162947705754
519997847023
1965988077170
423157644904
3743815661396
3503162768637
3080448242275
406685969481
3396548787129
4466285213597
2540529720973
614416938578
1436378511289
1727402283830
1644626805854
1375884121862
2176328277618
4673688944241
3698169113386
798252601965
1364480165922
3857344369070
725454756912
1162523850979
693640504367
2793743742347
442838395025
3417867961739
679927864482
1380207428306
1060041399150
1721504116566
3385123792613
3444053406946
2353354194726
1352811922079
5651779253217
4181387588436
5146692908117
1211425107676
42246504706
2450840459713
1081686943008
32513691010
3877242097725
3897446720646
2935581706635
689325262142
564087128618
823550796357
2952967824684
529898653284
2404497341493
988136172380
1946933680788
1680285501893
871286284183
1074869059295
3288978876202
7337500451831
975662334864
885340857169
405880278679
2254568253580
3078621125903
4587054139114
2328285210921
5825220699095
3547581007773
722006752567
2042884100147
5818480110717
2120299104956
3209156755676
2681939086077
4113503689061
5517174382561
3472436527238
503452274559
2268234906294
2999371799340
2645713436959
1355986619569
5321076368189
2082166022770
686229614916
4916892374429
864459942903
2432725504442
3152699084581
492532037364
2190156435582
4082600937265
281082702573
4258985422816
2470520648961
3605470551153
5110174693926
979899716360
3622222828077
5846952907223
2074863695486
239263339307
1438193509815
785233983194
1442421566326
4308900442924
1381626708887
814430720835
3540706068875
3320694330482
2916211500131
5079850547757
6257212561184
306870938420
3407034523741
3224437942572
2796104936354
2889213402206
2236889691131
1075292325250
945858604466
2639919521843
2098115378594
926630558139
2663823328186
2138784533071
2936767814285
3752499213988
1099549305630
3617025501348
1004128504870
5016052727846
970316297608
640224464000
1796365937166
2838021898933
1330096887554
3958202479081
1513698617950
867603611182
3795206986305
3073764813965
722814806858
2173221089186
4023107737898
1052194251327
7066845061245
3452130943130
3529670110089
4110921029881
4210717601929
4468076957740
3722270944505
828017498192
3019210894974
3898542959298
4010356216433
3811196461861
4166087153450
1604691454758
3055702639831
5353703429935
1939941052784
3271401059427
1952150656553
5200217359942
121536512397
2614592895394
1515201903888
831720940662
2907266526461
3304206509941
652781922877
3588157806244
3326890031273
3648257211851
301994177278
2360354645186
964560999090
513982400676
3928155416067
1504721253568
2385283851945
3795722245165
2359859263418
3365200939227
1283529977903
898658870022
2902971225280
6253358976637
3778643721002
2303930162171
4723548018609
2631879247530
571382430739
439640159583
2529228938635
2291695599642
3617002256449
4193109842104
2835062787935
2302934380986
691354967648
2525797248079
2974149321469
545587338442
664242331319
742124479707
3066364453567
2586085998845
1615925241897
454171879626
1838753251986
2962597377170
684274739330
4037323273532
2746392344702
3465855551714
5654052837926
3813936386990
4466456469473
6113648687741
3602426518697
2719768156959
3552084677257
1189735596217
1112129895776
1672602949724
2674338056957
5563411964941
1929461422119
4718334888369
3207759843554
3807410797866
2968806519691
3661694817061
1960751754803
2602257478096
1695033987965
6303285799462
3175216628704
4817230202587
792670241531
4127538613125
1155482090318
5167316501985
1868691522586
452084142645
2860439415470
1468428412427
2411811632169
2237941147158
452420472287
2040913861312
3720286407702
1135894803631
3604912334217
5792497437418
127596783443
3292081018562
2035020629441
2661150033850
4599212169281
4762296637689
3834945330907
576064748554
3850300638006
3145148936373
498752723484
2597631306146
2560500385538
3559358451137
4953069790805
2285944965377
1163181151828
811586074583
3538065289772
1259572877006
6258377278423
4147468110349
1546469824822
1091409475311
2198898298577
821088652826
2137336065498
2489143156261
3112645367716
864313479431
746783122737
2315012524126
724473533194
528538459934
1231415890176
1259278275578
3197030751650
4212058270508
1590177824228
2469061778881
5494989333517
3230576514497
6620602803159
1624034859047
3546588571531
121517152128
2720391507478
249017607264
528478680164
46357055858
5228752971099
3076305376561
2130903803584
658853923887
3944176539549
699420695197
3239869510337
2167545665630
238900483176
3710110966702
546458145552
2803349992701
2103104080090
2115157461946
3720806635684
2741060625957
349201506155
3531014009593
3177330565654
360367155416
2107729694846
3177330565654
2365815798823
377310609402
3234673408805
6197050313962
411767687086
3929367026317
557103082571
447038742199
5090496516529
1038232467307
2554692413296
1394931825422
2568001675005
5853367381738
4457120133500
3423556103561
2724292777542
3274916541650
2620382147645
4514960376618
4606767973420
2966753031974
4983160079594
2369740133570
750092764244
3044603440991
232910961698
6394214826892
819744554534
2732138306189
3597358946256
2737865548644
3787729589804
4136290362748
320151066255
2163070323751
1342917059694
999508493538
748519178391
3194831410907
2935354647726
3813088889508
1428617038134
2300290795634
736838977204
3363919397398
3420524889893
511117060555
3078291832978
949077836493
722929662510
1939477976245
438915429925
1993979088240
2508566321547
1472454834527
2431630921869
2487328216637
550741447114
508555944194
2278959183399
3005754334259
3039196237622
3960403476012
2783799597250
4386369101117
2821761466594
3115567028323
57924558975
4223351730395
3990325150437
3948190617737
631255558644
456514949681
2700406033634
3442139057406
3379647180247
2425057742756
773938666284
3349461510956
1152215999304
4293208088357
1796407960870
3945549659365
2302257072011
1432787148644
1855025225477
372187674450
753286314633
482068822897
728176892734
2289149594399
2494019390210
2122527203502
534956134254
3692376855269
2915341913634
1837444285701
4948253810493
1718333992143
828902768447
3600957029090
4724154113062
2614137167925
3316182685699
3633423800
2233213918400
3749956397356
3640321860233
451396420883
5020476481581
2061185843510
3343440847141
4763721968874
2075609601222
420574262861
3402814322609
966478805850
357019926609
4454919251500
2690821212602
1882812076474
2063434197086
4122567739538
3554603779837
5088816795370
1853749356071
830282338891
3178419757035
1915393432750
1703859454140
326636012777
47868562632
2995352874282
3170284131661
1810355700005
1976235156766
7325107477731
952436702433
2720490124582
3936663040771
1601191384728
1188238049474
3786748941993
3259750877597
940279046256
5247794553815
2210537882952
3289827195275
3941477342067
3217725628789
3737867182249
3797796211457
1098647660688
1421518688350
1392236031746
435896556902
4845131869249
1484194434108
2970341592369
2824580656428
2652656255522
2911464443679
597298970640
2710419719731
2588740037893
4352743711150
2817669607013
3573858521741
4037480070035
3688673430977
257402269593
4728507043413
880814599628
2416951418117
1833398959797
2171408242128
2767233263522
3887240824569
2827246359678
3865915010604
5411405622285
3054489347329
3013585921558
2460742856226
5734898525143
1958504120118
1072838853444
555210848830
2776138261302
2772952307056
3944499375835
1626398876860
2145246510017
2835240866496
1631063637875
3196915744037
2082255303731
4678871152541
2675996624985
2654346387753
532171652846
2808231279258
885618762560
2055163449808
3813301309669
3314838002213
2434593587773
3420218404765
3048156843030
5074393974140
4250137394556
1044569680560
621763476898
3118463903007
4103658088088
662059201114
3132389870309
3228886389149
2486308180037
3876716870178
2919720493961
3271003535221
3949406462252
3333735837484
3648045439775
5660242876941
2478976517488
1733756441396
3281178201861
400980199569
3070691707566
3176129536464
535628289837
709568578498
4889207103457
275721248788
1927252393951
842070450510
1592007596460
1010090617856
4717287721789
1139124192897
2703841886581
3794287543525
3014973296422
1515687783530
1934960862746
1918628984738
1763469640231
4494205678380
4110385528385
1983991630461
1634533312700
1116349514155
3475045832129
3905241162720
2929369439797
3396489577409
2542784122447
1718195180623
2877425282701
3503409550217
4204846489153
4261426544653
4156516549257
4151075906809
954755906118
4903724977729
3336972709010
3625991516297
2964891424674
3544570235300
5048251406893
2114906758285
3117335131789
920770217301
3074937471786
266275604447
2373621534513
6802958503549
3241345697161
5431034557162
3090069036289
2990869149023
3788632996859
273158806471
733627595341
4503668391049
3187334285280
2448401062768
856251834998
4301059209623
2219314025979
1399298599564
1021976819287
6786816639613
914180828193
944923611873
1610082099551
3417631236357
1533885265775
4500016638419
3246879672257
292085275237
3365550264034
2771156670345
3074523347088
4329568738980
518749316661
2317457463094
2697405438003
2020746788628
1350289921755
1797889380605
492067273427
4429706672558
3117649756348
3489906657283
3743999337729
2171408242128
3631502329793
2147155432622
452516656023
2595300697481
402032561874
5081369908092
518788028859
1586188183391
6766173066877
3390257978402
2666978063142
2242567128927
1760599611532
2928707924626
3011094955887
1080404804686
2227021568079
270504888810
4258017011931
3162189778213
382850799105
302706201740
2645283369424
795361973388
887960698903
2049250700726
5674705843725
1154902274953
2324937567797
821525483477
2171736274989
3484257840739
2654111157309
587198599071
2052860737170
2743502324477
3171185347382
748194501912
286607567970
2233738609503
157332229054
1840638725999
6909232707197
3354435019050
2831390386433
3201631478111
3726593475629
3724514671323
7329358259071
6285217989064
1003426583239
515811422956
2564812856738
2459981983493
3665156086190
2905160092640
2906848428578
2608836397109
2653373337040
2868407541641
1470165525369
5148268344194
2469953235098
2891128932770
5071629131132
1242395746181
769237564835
2165995186031
5216628752082
1384047374753
4343646090158
120078946414
3307993119525
904712433629
700271321459
2042884100147
3974168852067
3651097497009
1121459055020
1579953404738
5152618868781
1408926606942
3461367925553
2204887012150
4808563336789
846814778982
302888113744
1414777932928
5546550821926
753894915564
2839902669363
2735830989865
2184038027013
2661926326202
252451174330
4948055992
1678924739724
2151745811482
237112342148
2347636058293
1043930990717
260650243766
543362061628
1620088343613
1557336420032
4396749615729
1625629388
301530277932
891081626292
817844420368
3529483906754
327605678250
2374914728100
2931447846198
1122004507222
1680142846194
857661541145
4257617140473
3983371328557
1534068757302
2200693356058
4059991801570
4158374297764
2897063016677
4264270629379
3180126391716
2439698327862
3989735514761
2997915985316
1458820987333
3422010650646
388474386790
3834212658782
5202374616407
1500707547819
1485021478918
1775480972706
2661149524142
1140588547428
3809290442540
443373065601
3934394609763
3235506647351
611161046886
4577951159164
1780357078781
519870305379
3106940707474
3019559030070
1220983300201
810812502209
4532586494332
7110455774333
3131879013306
457647785811
2935664552162
3616884039724
4673755477884
736395514910
896750755462
3384689274236
3379387156033
3096390587275
2825450813233
3560526970433
1405400154579
539763190518
679155152810
2528573752873
5691261602429
1677713880358
1008953322796
3658257024799
2526303853722
4631528967997
3957039770689
3380287231883
725329179171
791935658472
2564927058995
2647267355017
1535347629196
2282022773856
2390389860386
2085366747600
3259139337004
5853367381738
3770899747645
2355802327813
498123935404
2623494761612
1062192733447
4425165248137
2659657160783
2646560967938
2862811369129
3112698678910
2756931548925
3163592838442
3475549856174
302259909523
1719605731258
3468497126830
794983922360
2015057087662
2674138038774
4501412512037
3325015330842
858670820273
3926738478390
610611112265
175750011815
3789768988163
3276782969281
1621771196391
1214252345564
4285561708372
871107245037
545831399464
489898669104
1198466189144
2939954561334
1445702574220
3134738947738
588866594162
3187798232629
3169998090068
548797601811
3760033444832
2424327919041
3463512497830
1441662887912
2376132215834
577421899182
622649125686
1220741890446
3034088781438
4936818328266
2986080102752
2414482650911
3523906340034
2339732739623
4028747220308
628225504201
3916141179949
3459916506761
5127918425965
3014973296422
3163796031532
4134466166933
1084005110712
2815210380575
1135011854941
137879435373
3932192103025
1109426660678
432120887362
1861739807823
3944358853219
3530333999241
1052882850625
3519770476452
5920925348311
275721248788
2262404485826
3859076083175
509028565723
3626127426604
3790669808181
5415239199549
5133016410935
541743397633
2864092480507
3497618779446
3179235518239
2414206916047
402855680016
4503252741881
589999202004
2906848428578
838416566273
2315432391378
4766072338812
4264475511124
3308938426269
2976411623026
3578389452586
1579609068380
6278451810904
3467441936445
2092713465793
173558424653
2384824074582
3540613950529
2117781261863
3085711477394
3890525461538
95490709798
4112122167023
1913073206057
3036179595521
3222439024385
3840598327164
4634465981484
2324909431337
3750887826812
2673823976640
2744566843443
1986651915558
4954405719357
690895987587
2879318152634
5245402509745
539723798428
2283546795450
1635624583207
5881076963453
1227207290223
789394512120
889622201056
5152618868781
1049042804491
886761511503
589999202004
354142467966
3156536866877
901547044306
3245739687570
3616979708214
201174340771
4888769429129
774495879913
2575144565505
1082574831296
3101342281315
2898178258558
452454119680
562857236957
3926738478390
2335087847280
720483669617
771682963216
832797546473
3563542135037
4116090290013
2960558319553
815516198114
444796163803
2742190284582
5166546313229
2480428816957
2921828984095
3254000674307
691715602571
4424315801307
3952995476805
725564278815
2743973669727
2380814398498
2251489458814
4162607664227
965744909832
3119218943202
5180335760009
2022671634690
2437255005338
1093056036023
3558724648155
3157345708844
6946579804285
1672278412656
3605010279722
1672254670887
4021541129516
2050306397790
3968429669475
1349372095200
2641916323116
4023863678563
2627540063918
564457323437
2900163948126
2062721361596
204595621287
817479782863
2647700671029
229037574020
411717769144
3508327752160
4180189442092
1114358398396
2606471751023
3302662370357
5501634180842
1753378507120
861703069268
1988160864624
1843650603269
828868143416
229894707632
184271192262
2468934008617
830404127618
2949821606306
526905888476
729838995101
4530007770157
3222308146345
2582422668196
243462155571
224542488694
5145035713770
1076197167207
3481964967138
4789803577212
5072726158349
4042662086625
5162337439713
3765186104945
412911861333
5879749840343
3734719100450
2401961665318
499448398314
3671090181693
3997073998073
718536709119
3200183710672
4392379041620
5136551394026
3299879183660
3612868633595
5700197130711
2838262806050
874967685459
2624636823482
1686714995618
1371060262435
1828619666838
1105718970876
1886472122150
3891366952967
654092444112
3720058786045
2844042103716
1098390498075
2510411195191
3999635592329
3281116943328
543030657376
5161128918746
2230966438746
3812688146218
3224200050336
694452972324
3382025144854
478703918969
1228179962882
750727597401
2180602046884
2390034289601
2425159964254
561795884626
2086921674778
4755892130785
3677771667796
807182999797
50173879530
135607628032
5321837310477
3289488262370
1097088668656
4665468206329
370277207733
1561522537054
3397956476438
3267703964813
312104942743
717959800088
2253798433533
2113064493093
1335705777743
1928363887455
1107175312563
3371319744817
1255307402993
4097386887745
2882890434734
667443604795
490027971458
5772757293606
6875410872127
1762295804581
864819650187
2774556210370
4850567665749
3098294069901
1002614036166
5510688360170
1782617887273
2478459566367
3463299028225
2262424872189
1915791817242
178914587581
3882758167869
2767233263522
7325107477731
4461097587498
3518804791589
3768564029986
1444986861227
666321179899
700111849115
227828117064
1936823108390
3645686749237
2910665711877
487690177852
1280215396928
2451121287074
3315451452659
4123478799963
200521534604
798456338715
3334942421730
5971096020605
3626299608115
3989123303161
4162527762947
2328646631361
3396814956262
688048033879
2794980896117
2564928452869
4384070211041
268129552061
576513650489
911696931513
456824840110
4001348863010
3135055754501
4856999233069
855553960083
2391023049099
2922421239962
1998823780127
369606174321
4414384504333
1307647832513
1020419292569
3079320250942
3160991881696
1710254034288
2113541294522
4247971862316
3266571159805
583114620463
159987972007
1503609793737
745577620760
3088502253667
911091556229
856648551033
602577842559
3172972448794
2739783370208
2004665295042
3587335239267
949364293532
2288618526261
599132562677
2663823668166
4211114448808
2609772116335
2300024960806
1116349514155
3716119185059
3572987466277
2732684474848
1413207379087
1959631196066
1946110915514
2693004394404
3494887077441
2381573729062
773938666284
5317199489838
1115932284348
2146940792893
692883710018
664756468203
4090373440556
4563805090125
1429058130492
686224001788
2590273666686
1361293452529
4725531552369
3306195040001
6873038054525
3142117528833
3765690604578
999108272533
3671747373309
4143882167283
859371415946
3103080986507
3202621995154
452808018333
895530650263
491440178040
1745997996224
2382646061078
3104059317906
2583930324574
5343516981087
3691248200565
3121081361850
447820380991
1609873903762
2633146964160
4274888405285
710647014759
4214345574600
6338944235479
896040678997
4327823559305
5386143848486
2485979735994
229960830575
173463751210
3518318863957
189560718998
557163992328
3602598328973
633826997704
4129293932547
1912205336193
4755471857401
394397822367
3645881256049
512383710340
2206461832452
0
2516801475133
2718104942643
968895747170
665618481869
2348310127471
3603583096029
3204141824393
637729680609
2836561549349
2596105629877
854798897336
3196915744037
1106557254641
4177880469467
3669146529567
3154337019395
881169738589
1266315079843
2720241607741
3208886914860
3937511498434
1151045655509
2907266526461
6633454657661
2117676509759
4786051616806
3590541723585
2963835692226
1421518688350
967112449473
940718893688
4004379499325
2190315343297
3724851734129
3456179720672
3059575399677
2709381297715
2752317567855
4144595252657
2162678309231
2320537433882
2119354460097
2746651290992
715936072520
720194394608
1034077179205
3376344164208
5046833795117
4033473091964
3222976026369
4009396718378
4847508947057
1260611415746
2323192165871
958501218350
4071909974740
334616049792
1188153949583
3749662390385
1459043049001
990255332576
1686714995618
114129824342
992948771154
2475943925786
2870536533086
765645854583
2083592112734
3664247242843
3357685724112
2124591145380
2504965689148
3222397919805
4091970497437
1072838853444
4958833478890
4458053388189
400152490979
5999883728618
2544069562274
2517237574284
276572672979
1544314122430
2302301401116
3735769404950
3104585393409
975707724670
3255793613819
2117781261863
807408080368
3729749611825
6355086099415
3325054688278
5364746475527
1284919972357
3315946596014
2697407915926
1986989925413
3565943255852
3532299705212
467073392357
2986598779955
680223109162
3632947667979
2632265168066
4102680745179
2766064607254
1958504120118
1887692726525
3073831762066
3160497334013
3210614635633
535978479219
4226199598909
1062464621695
717122351107
3837077416758
1333997426437
570410099583
820966097458
606674009298
5519889280234
144863481420
4353976263693
806132837418
2488555487266
2786359905374
2231722274299
1404193989655
3457351268867
3947159717489
561455126473
311948088414
642394578599
1011860228443
210645384124
3354120933637
4282734669725
1083666157852
2643852060447
4634236393340
2218812056325
755208873851
2498060522753
5114934108717
944264509970
3338766694499
2688066869282
3352491205420
754027373868
3665981976307
736514127325
2776368522466
2588441938466
3271081206267
424425754991
2584525131286
2876317859183
3524114187875
3401893241137
3220645323940
3449732346143
1940877498447
1114124271769
3118463903007
5354315255613
1188318480307
841201526148
3769196226185
2420269587038
2617377446114
455659784740
3496471001314
2596109653765
1423874864424
690925849447
642277778685
5193979756465
4693037561563
2200284944558
2102396662013
2493386121750
4613777633837
2682050905857
4512253857580
4447525473324
331498579529
4583149347973
5323504670167
4628658826620
4023935561435
3763757808415
2881429828707
4087032571538
503902899012
5819998351319
535578576640
4780036915725
5302344289514
2418377003295
2298493100093
1465426686558
3307894768786
830941416342
2370690491174
1043662665596
4492593402123
4182042876068
1927758081630
1811019441758
3890078631734
766634727167
2253104803901
4449581675769
726051327277
3547565745883
416065435089
2551779277087
4101581932169
339338813582
3334769114042
129174785517
544541033109
3309723079849
998935435820
2126719746085
2962999348862
3759615144155
750912870393
2405946474404
374940591019
931101900215
3024794654285
1547734060111
899415046254
4073201026277
2758382948794
2820025738878
4189377106220
1879804324958
2301391795973
2567039270793
4142627919188
3364085806380
2262034675388
2810806171175
3299794380196
3076093051506
801748764191
3215762094193
4136290362748
853901161050
814069976183
6513297932759
2133510435379
14232860670
4932884738911
1110625062430
2402248050370
2900438265405
929066076876
3700261353759
645426108324
2251655267469
4028783378435
2767991527998
2922685176272
1430094628098
658640083296
610738701504
2936767814285
3001860697375
1642958248527
2202025161253
4346371524827
583554073404
847722762233
590109523476
1143895378407
3002887676610
4483678980579
2754941039034
3849853678729
286282477633
1502781958950
422734631303
4682285824380
3297764944864
2860582379177
3106284101373
2727211384715
2594041859508
1637554685698
600021411179
3850236405821
639855524670
3556336751642
4503252741881
2751771676640
569007903358
2019766212782
4284708316028
696644518442
5002069440649
2028223347551
3497618779446
2783042767653
1862639958130
1812900494012
567313879535
5373518281533
2546441290946
3398030663779
3472436527238
2750890789929
2949036418813
6169161920550
1922577872064
1115437273463
3919041515666
908828165802
3903336348324
3175569941253
143110350620
3367317883453
133088989726
2860199634438
2136930125249
584063392174
2004837109848
2860326147492
2696629489743
3698774554881
5207745840362
451347472767
3777578510994
2537773490914
510076024334
2900833201298
4930296387209
7028900695677
3610222186665
2264061229051
582338897894
3789234832387
3276883975793
2921246178485
2497409345705
229379990850
5153758974290
4182003744369
2677029033152
3994287255586
2931115385824
6286903631512
3911939319044
3281207544738
3182978229216
3560925977661
3601688029699
2991751503142
3624334877915
4315526501932
1565445980818
2810439084285
3859134980396
258396077401
1128639514985
342568473764
712767250870
0
2710030562768
2252375559429
3938874363253
3604736587216
4723455538476
1884394263970
435247329102
867100495622
244398162463
733182790253
1173131644962
5741257393677
3174362644381
1099153909086
774180970677
688487630961
1181002425411
796956247930
971971392275
989661530172
1347530081922
1003403438084
1198047689998
3573639057872
3971589994017
90222269984
2250896564688
3809191138784
3994982920622
3932167129764
4465357293643
2905862078944
2355353244812
661885087173
1937705722911
2842792515186
4677280566173
3168917985845
1968983659781
959101170949
2609245505690
1449445439234
617757026110
759786960629
1048944740608
1564688060688
3198534617229
2283626598951
1851013455840
3799995763101
3081073059004
2129430186237
2329722316706
3509395257137
3197799148319
7080053433469
439446633096
4677280566173
1950343898479
3091404439845
3118962737413
27450785070
1128088709510
3345928418930
6390389220772
0
4894981213683
4278566862401
909866002666
4514362580699
319534049618
3579299470933
1022358038733
720231670865
3220633471440
361675585659
2003519295237
1707588503631
4265486174457
3834525641897
436841402877
1277583954835
2114627102116
887238988699
1988037343674
6238342261286
643989035002
5027956973193
770352507659
5920925348311
2910785949152
1124233009842
2939924754995
3266571159805
64000525352
3858128528395
3721375004590
3141719534374
3617302026978
2512574897758
3433249588821
1586764093007
2463597532786
822076632975
3149559132723
5065078149949
2307733805616
5440261429798
1106020396645
3034453497695
1355789686823
4111441185324
1564823408898
5938619884778
2157974931118
2527413430047
1411112213762
4757414455729
4641701399340
3268541136694
3573458472073
3627213430109
3964694922653
3304933598354
3989673247908
4932072697265
1772580752166
4936818328266
4704735511009
804013126179
5401764121057
3710453442817
1269429610023
1532586898746
634934746024
2351416634508
863773129544
702830400074
2460956293673
3937749156417
2097419258921
3414975048421
3743056086326
2856949485605
3165146050955
581605401725
3330246586735
2005359843408
2968609419410
3121965883429
2891129475621
1238080770753
1391304505388
3917667732913
3728551040653
5322862672618
2967902418177
2146538787442
3080175516841
5459454165517
4835230254729
4156831153053
2006077127205
4490999767085
4932662291063
915515414580
2690085264930
5484973055457
1438780143104
4007348931803
3972195806525
3336825097072
3395344696581
2307488161984
660828564553
1040458345810
2546708255283
573405015501
2975714825902
411096719934
2038236441746
2991296118100
3523387050610
4598855289125
744797770353
1936024544908
2825820574715
3423514492453
822060079666
6045108511466
4467765404028
499326671554
4792072525476
507088531986
1613727476994
338557759455
1824766704496
734017258991
1506436971489
628498687049
3356946873538
1583071350021
1037871414433
372941256931
424404721839
3032905006850
5265891732525
4128500894293
2273779108034
89506531173
3668641396324
4165415358907
4480251447099
3379659596452
2759314649699
240066512893
3869966369826
143110350620
3540688433917
609184360672
361675585659
3130264943546
6296134499287
770470271830
4820210208225
821929051570
4332098657201
5550115048998
471234283545
2517237574284
567713982882
2239296628318
3532174082051
861140676608
3971171795244
1010507404866
2228154674880
800403542094
534471810474
3906107777239
482151529373
2013810893504
4351584655067
2798111721598
4469132439125
4420224735150
4521836705249
3523343789825
115089593622
2602791909570
3506473131306
1686714995618
3307828244699
5432627664934
3046885408307
1987719217344
3405838527483
4378678956629
2688763352218
558376171316
3903713006299
3707611061293
3365550264034
6259760214864
3919193462385
913653359872
2474857517520
4554346545883
4226133040786
2437283679781
3617002256449
3410256708669
3832572041004
2192163772965
89506531173
3263956215077
2404120395438
2780732771520
2670553483325
2256501309082
2812729248805
832584567800
2907565673845
3371676705938
4655782930005
3059040080918
1157728008781
2727140373645
1683916422993
3223647538437
1820196757757
2390922813321
2041854103440
3886962693407
5929220171389
3815812984931
3534355267109
816506221254
1312032665870
6197846823037
5082684561421
3781558045105
2151907052071
967383160614
962524690617
3302793228189
2737023920297
452701902642
2803292291813
3411313866660
3756833798678
2700773983601
1027541706071
712355442551
4095919093333
4420526871771
458490736578
1423539305738
2730168038514
797372288355
4500247385900
717928882055
3092344341123
645509584559
2491407678849
619242627658
4140159251754
733960228073
1231415890176
579171517260
1964787373082
3510745754646
3091404439845
1127908111736
3047155840061
33173845074
4012910413579
3117687211003
2713997598116
3776282692233
473927721462
3455713689651
3535006858704
1758135934495
2818451012406
2380554996877
3521411601521
3031575745442
3431024425333
2937941665188
1379867994357
3616979708214
88348149871
430982699145
4349545951713
6388661591316
4380156517540
4456180393258
3271343295634
3668004697931
242673593400
751566317329
437599969625
760597769106
3117007504669
3093466897090
327386005906
234529680850
4196722427969
4488796641597
298985581755
3565500359136
717459982935
2429522079269
4376753046396
3824074681409
2618872397964
795516666542
1276986132614
4292889590337
2850234799983
4027506368481
4150689776049
1911622729469
2022144559742
3402814322609
4167531596301
559571120897
1404948905712
377593567255
4896890638716
3297089969033
1784835466281
1323535839255
833135965350
359344386450
2158194583920
54207054513
665097347436
1564761102921
2803666190018
4030745333989
2086921674778
4729614258907
2381755812097
3594713900289
692800558165
2576385903742
2949860681902
682528108095
453138230167
2601440166210
4963891614246
3492868863539
3091753318451
1657406453327
2807165900926
3028749148977
359743945619
4653394866589
3983748626999
2864709453411
1214252345564
1076646403737
1153431040004
5291463109645
2397709810015
3038956008050
3620793358370
4315027017014
1107968237568
3676814431200
3794019565817
717135550467
2226647673822
1808944449150
2246556724534
449966187043
1665616607955
3477957724194
2775470400606
323794382497
3688364442547
2563963783110
4936407286140
2489701570222
3406856000741
338692543631
1602927092333
2935581706635
1099336460108
3230841582299
4694694767353
3978057715505
5899208328663
454720666129
950884414724
969278704400
2326635699458
1816640588879
600319078559
2765258815582
4765897537549
2991209692982
593999998335
1401619051182
3870565340204
1104821046780
2195350659212
457788463500
1215841690872
3750174091917
704749034352
3487549678662
2151629410341
2930117939392
3047541603007
484786720602
3072943722010
826988730359
2874961417882
1086578739198
2907264238272
3988287555412
2678392686448
3966429862315
4744098299917
2443794956541
3025767988602
4143981455281
4430352776257
4314380782299
2351930320026
3835345917443
3575039635517
3574955935778
866795692973
1972867379806
102211872300
4228394511146
813877249984
2923584176302
1924108695726
2258267176920
4209038946205
2567892403394
1684653986398
4650527342373
1223372175432
5775680047614
54324706074
1762549661888
1853383891915
1350167937644
3702085589077
743854342654
3197401812221
2167633635679
3129382569154
2413939540847
5086225924181
1249727221334
2920167212285
1404193989655
3093427267810
965162927413
2142880520288
4100424490926
1120211911214
444524140148
2652656255522
1093510853167
2573186399519
2130899086005
5019044350365
2787798159328
3780848042417
2540370536193
2694927530130
3155834047937
4252081101281
2072301351330
557900445468
3312376584991
5871026195415
3560359300396
1882771039311
484556987712
152563899257
4021403282477
2873816837378
2739783370208
4476655279681
417040144839
2339319908009
3372987993699
2767583856592
2569647284378
820357991015
3735612009209
4818197377574
1084636682902
4367893861028
4645367680945
1665745002134
2996777205243
3305765664485
845046962952
2664756796003
281191295120
3279198086954
2182751808061
4711961892074
2839957376930
3938873385258
5784883264471
1474506254927
2138188537006
2083327977409
5633104896983
3631265557129
430119311952
1345719103287
2604833298693
2154742520371
32934725641
3903336348324
4959543136495
3141181489293
3101032957466
3220573078921
1237451753167
578497047145
5029719426481
4382942397157
351353576315
4583975792421
2438712797278
5144516497130
658640083296
5349452648595
2869690445882
3069001099706
1181186811424
2919720493961
864822612967
712279592283
4526338741678
3907156613279
347329053940
3834997168390
3169924143909
2685775064757
3316247695054
2617191987153
840145963104
2237825667490
4768683881260
3452794784720
4474644108721
3983917954753
818222498739
2172875019291
1069257119600
3777491785385
641077933317
5143928065109
638935939827
340062421368
2403973531250
4081087827163
449072142708
4019687116059
7362535747083
491381235509
3986819579697
2931115385824
1967842275792
5098923079485
850141059829
3982033857966
3785846627621
6085433890263
370696202915
3863661739837
2698972569595
3446297218468
2989775176858
830212125354
929021731255
2610879809562
3508114761841
96579487632
308073659758
2573077687849
3135889310688
2243628375214
646274167536
2953903601698
2424797955952
2200214445829
1619233923776
2139278254221
3153611526074
3399629694762
424666294035
3079428017174
2520879745797
3395973284747
752715740182
4450770919741
820847031241
3232593964844
871107245037
1994088820773
918051625123
2103757837570
3670131768385
3194974139505
242541926674
697443655983
593064943356
4247720552165
379196086989
2930856300342
2719465382514
2138784533071
826988730359
2818311476161
739207964567
900206438731
2756195837614
1559852406667
4356821822250
3028124661243
1198466189144
4121297019395
537669546567
674497876668
1294267813604
3732776692789
924711205363
2797593050124
2195610705149
296494070972
4169515175804
2938192990981
1310022814202
1037618635284
115969250470
3339361472538
2263668834241
1192361285588
2693086794394
1466885227318
4209038946205
2510132546805
3332684615229
776600350723
905591132946
3475950247709
3898542959298
948895167102
550672243714
3081067212078
3172558063983
3061165262778
782099188854
1336676551383
2548632043825
3691248200565
2767233263522
3407557498010
720231670865
2309329344534
1607278983301
3584883893873
748654467099
1276800439041
2099270055975
3161207167418
2711136762832
2480029694722
3930032208428
5811200500749
2133353292240
3523846555088
364802624599
489921020735
1238125681713
727931822510
2629404817445
2884058299812
3653650739941
4604987088091
2250176074038
467174139858
4494885968618
3437332578980
2577143535983
4067819348773
3958644446427
2914157949370
502436412251
4424315801307
3980660576393
250581909412
2997915985316
5070452585340
792475580467
843007181757
2250176074038
7080053433469
1204258504920
4464820558985
115093047517
742947682250
1771317065658
669131635685
777424748234
4325832974555
2717122520757
3414291769917
2907337258757
3959257317674
2489993855483
1431276002581
2676244549294
905944703283
4434552251190
2964075150800
3207988773595
2985129430197
3269938169637
4819768965949
249524349292
4186983031545
3013896850558
4532237234313
3952399149705
3106662498646
3057204582404
2325657686156
3556666044567
5656461907690
2853486449743
2564907633765
3282385526529
2711488991650
982145270698
1451912268445
3695541381683
1048944740608
4829864571873
4457018127675
817873888918
1104821046780
3887050773138
671055623066
80879040473
4097530098313
902356870804
1038613843464
3838067276581
2878735866050
4017166159840
3230312734001
3162925541489
1255152621708
3339430168431
1768334114007
2871088690198
3662705938130
7323283276261
3379568852019
3349565534894
843680812860
2351185936937
387742630580
3011969386642
3372987993699
139510100419
2882379144553
3616966762976
932916319820
2462346061218
1234301579439
3235997965868
2935434670309
0
3617988458284
534033734210
4211924576042
1105106054058
569822353152
3003860211893
4388909677732
274204889752
2399413814298
419812748354
3029970119076
873328804461
560982718347
3279226530085
2394145582943
3912733614705
1442421566326
3824217578806
3543224092041
2483792035469
3210827394724
3316247695054
292668834506
4454919251500
3106894289269
5927434035915
5020640933756
281191295120
2507743594352
3329307047980
2874709102902
2791500168502
2586150070386
5291463109645
718842321070
4367890487893
0
809886969267
1875805762194
2755012781093
3704727003054
2505358034586
848947562606
575372629555
2668395644836
3268208575202
517504543873
8030197386
994610374873
249315295316
5136635382797
1554601373324
6940697301629
3013918876221
3277598012858
2978738209025
2309515822220
4717394246956
409919492776
629921853823
1447255403497
1825913224338
3302581623609
3801381223722
3439658790793
609245275949
1213716855348
3181989475696
1920766922146
3022112913050
3408024422849
2359376832310
4071599060524
2983682335426
576064087540
743435586050
2280468607164
388474386790
3664961529366
732880221958
393037585854
828048259613
3270415632918
2490716242620
2580320212160
2196431354320
1086525306258
1566718618707
3240644714715
3813218874594
162438380933
874361718623
3211377326885
1002976053377
3783042117289
168808524050
3813264186668
3162785157731
1939477976245
4011955284255
3313929346277
4805132407460
1181862618741
1375623679302
4269439689831
112457177458
452823250850
3815812984931
1649005802938
1476947849310
1374067935579
3893375538261
2008823481712
4472942791710
2581175370414
6272153188964
2997583582742
389872311713
2160397665182
509323310901
2875463741889
863773129544
2344778965630
4525241027882
1009489882644
2838970260137
254206238642
6120941656102
1717803947200
3550830626869
5362069587415
738424793290
2687549650915
3992445207327
442250403657
59390677903
588474407691
3445119738924
5243389198295
6401299718020
3272152102175
2946220821279
3624121404284
4390246258691
2680550249086
379593414687
0
3223612991002
932675455337
2919945788811
1341511287847
3009396454982
4603918569532
1142753879705
702830400074
3602781289770
436830292272
1023870719760
609367415946
1422584361241
2985524642853
2868407541641
698960718205
2874899466493
4341251269676
2317900397762
1040228605635
2258292742223
4412555106349
2894027371969
3870663330085
4000739698004
4840307516221
1308442610663
762310859764
1851531777063
235080004661
812681925111
4351961942309
722051626924
3584404604669
4352219830100
537601718964
3251630612910
3389027326884
3932902725165
3687525973937
1971624009404
2421195320066
4755471857401
291885926494
2382646061078
1106310625086
3737021806454
3811385869356
4334023717756
3192913821551
2527413430047
7246366340733
2179451238820
3479598316884
3064027693829
1695823508078
5183729337149
