3422460793051
2078946951901
4697989546062
684233006640
4629698602154
1268945620455
3355808740746
5572754179490
2847773624907
5301854644135
5362488808512
3967850177095
3050178485249
5678337752520
3619173624012
4887323760502
4481089990278
1716495531350
3124184578175
5287630316230
2556365847239
5734898169619
1365511226857
3781840754866
4456517712179
2011919278608
4046685485960
4182473062746
3574450055218
5163737940264
4668458455311
3795868710458
3272419016607
3706203441795
5246862488872
3075043143374
1020578022789
1437231798800
3393937495138
5714860831300
5725438025433
2787288644990
5437706797221
4101985592096
2787605758060
6140539885432
2742024953510
2044840524324
5119480384235
1986239772028
4636706357384
2323774066736
1653082385190
4822981136232
3630898768380
3445187020364
4455208022313
1419824202690
2197051437699
5650415130933
5938172144933
3925713289062
4142608254137
3228060169623
686277761504
5184884797477
721031879286
2882111323175
4800071495654
2932116236152
4974653900118
1574338722850
1735809762222
4389008152534
4985093505437
655995600153
4976666788576
4460207775286
3864883247170
3806511555125
5611025913925
1167424294015
6553686004315
5934757678660
3863250540273
2910386571768
2175390301668
5219098989335
4317065493173
5600816340663
3801275685017
5272795347913
2920993262103
3329436033382
3485621412645
1347290283252
4107371587886
5324393573788
6364600414140
2979804370544
4828639324948
3721235030323
2748159924403
3803377342697
814806536812
3196987442018
1658994314662
6528996650290
2940369620794
3171834394144
4104181097988
958388172616
2667974598127
5559654835705
4059065321697
4106621156822
4435341308440
4918357897073
5073182670105
4735626630916
4922113404760
3441867977716
4211301027744
2390288173438
5606189416415
1765082169180
4942906896356
4010495641816
5902585432029
4622566475211
4633900675931
3519195268059
4291386351153
4176530897286
2711529901603
1154374898600
4797412409198
1527587021574
2561511173988
5565540091745
5233626259169
4677670392987
3939954654168
2329222079389
5581647235905
5245308735828
2723876422098
5660368880893
5584851686863
2650466968868
2730104346008
2869070353581
2839169932054
3217119977480
3350886046459
5261439177493
3984451590535
2839339265014
4457557149147
3409530931161
809417137020
5011120684928
3133059040560
5304989553381
4182160676461
285428129280
5966183027620
4248907602932
1243711785855
4899317673161
3437080023351
1560259283859
3909441301045
5582858129195
5673595350769
4239210355016
3895882378996
2844495411994
4100596826289
5342475693852
3809083030305
1319253848044
3631167816980
3136369897262
2334309350893
3006961342765
2990362185578
5972290437385
5450022653691
5118955330586
3601080751243
5780016568526
3082842183429
4989690590397
4387340791910
4760100116763
4215936111771
5194915408572
5835370550256
2137359282757
4757566391431
687622202542
3055277814617
4278822392272
5478299998191
3212199594040
3954484738837
5220400891919
4784458501242
5438429598850
4341890896048
4059965145638
3569975987010
6170587264717
2020702425823
3727832154132
6020245657495
5656959742952
4184760604732
5937135119026
3495270093094
1186531461034
2051360972880
3547614968459
5129196306938
4284018685938
4344738043335
3237239756562
6149531080733
2825919438336
3725874833059
926392427184
903531615512
2514722517753
4966815243071
2881308918580
5415967811331
3102269924791
5955509770414
2210494825354
5875849961824
3664351402448
5902531872430
5312718273045
4387221264542
3107401207172
4342519573837
1268521990601
4086424198921
2078626166718
2909934291710
4166529211011
4827938168493
3740685441574
2138921502950
4263997797639
4011038281722
5281696842372
3434043848909
2577627330700
2711333303830
6080602408201
3996294521110
3800811333718
2546044400886
4268994932544
3697314887730
2804488016887
3133664506059
5245189197523
3703796084924
573132471500
5960843060310
4789206060802
3101287548318
4846351039361
4302498266709
1588955907302
4318327625901
3874201166179
2047549197432
2048788121598
4010449435621
5080849332543
3930233592919
5063193393281
3388518610361
4667362513071
5809551661694
1258839447508
6013402068790
6053844772697
5445994188501
3952755307298
4740801371669
4409697538681
5144056768633
5192454705341
3984111808193
1281314768063
3519005894293
4584991972385
5391014898838
3907864553167
779009175471
2991422194408
891042807532
5576474996755
883050093995
6188357046002
2593869307013
2105421023756
1793888104799
1891191753849
1792853475890
4730011110073
3938453967595
6234922457292
3084411579034
1744048783766
2964053165266
3670784696118
5124445009568
3511275932026
4749902461646
4606011633513
4867574171858
5712511346307
1299555182007
3887779888041
3668372300822
5435400300522
4973243719328
3111952529461
1265526641466
5298571308166
5497112023828
4897775576801
4020195726839
5351292988808
5754311847422
4477453130986
5944050504130
4683856369975
4817856161854
3438309480459
3617254504417
4162073951391
5376120128006
3942513765186
2628188575029
2803074965778
3863219304969
0
4773472815366
5086650779337
916867850974
4421503533663
5453340704848
3676274949381
3013475891420
3863696445640
4856729800793
5238849185440
5303183165770
2702145612478
5887942487887
2480857493287
5896349255801
2654339216553
3522533813870
4375055227227
4176600885352
5593053744800
3950865908821
1976747539458
1055059221606
5623798578134
1695823666867
2523103958054
3329456097598
2443366989770
1994171584942
2700571522688
4825487958054
1727723452319
4419267794945
1877603499294
4386865882408
3638918142405
4502641962258
5169340304453
4700132232501
3699402183161
2820218033895
495588190944
4912048239732
4378960574067
3354416936659
1083313530037
3525414339903
4828336170605
5419684200282
4201990168935
3228562377287
5265404676507
5617385842473
4776015016386
3821604587193
3595117549242
5356828758756
3725874833059
4261712886434
6108576771577
5614220526433
3941272527550
3536870188888
5702033467174
3431596298848
4078287021537
3501462053297
3665657842266
5687963116233
3374427760017
2962305259583
6092070077527
5163872862902
1201447695718
5396661386892
5473372219986
5641876290425
3433396717548
3930658113840
4268448356635
2009359346682
3810634434697
2616793293130
2070991961322
4642347743249
3060542587264
4170348905421
3472448635135
1148120592653
3404904820545
6196539397112
4137171549923
4679474187177
5490736341956
1690310306000
4917411877964
3194062595955
5213272246452
3610297121744
5570591528332
2213628885637
3805431305795
4674492231358
957740637102
6084036614867
4449415076347
1091847910090
2925730987822
5482115421728
5401640761041
3424870581797
3426107531226
3495811787178
5014265484161
2425460022597
3484450026373
5106415399886
4122064261188
2881957111977
3983965906672
3373371687235
3686147691525
4579784088244
3374623998459
4250933863955
1474446976362
2215940800254
4830131013836
3332173974771
1474446976362
3029312382823
3120381893656
3510994040457
3259707511785
301747505776
2483606821020
3349321012683
4964260726001
3812543222064
3081736575598
4817143899292
3316515784272
3890993350336
3571914900570
2143240358566
4086143986754
5633947625790
5191497163880
6095146115386
2768879256130
3959197255781
0
6255137300625
3346040732210
4622972022614
5283011548978
5065689632344
5120004856298
5869050395261
4603014304720
5081398947170
2998462717203
1425292014570
4638014018022
3875579728065
4070190543454
917465932990
4848365569646
4666719161114
3975355377115
2309535863587
3334799755309
5008715425684
4139325919823
5063382998226
5131132300257
3467803762134
3923496581950
2725545535937
3888598658035
5351876544325
6293456577518
3234117408851
5266104701073
2618942165734
2161911065184
5226383272517
6257776311195
5449358408908
4977520095237
4419590261988
5332556052502
3780047770895
1778199799086
4408787609618
4535431015474
2396487812160
4854428414386
2345803552774
1746933365350
4990783968236
3389109097190
5453340704848
4906066002108
5382774682225
4412686783311
1549422754654
5215032662862
1926072087305
5090903572968
5328520240212
2008288543903
5309032413310
1056815696824
2575338950223
5618663136283
5222954851122
4877493878088
4795827722322
2300484243557
5545814370193
4526862153063
3186587690404
3732420534086
4782089764311
2590113943379
3535077330949
5659612794652
3588770418354
4151624765201
4498964383279
2439278328892
0
518570036807
2044840524324
5175716225648
4596612943424
4206244487346
4939826952253
5981349159562
3172091404159
3878960157002
3427073219391
4029418088716
3312527757996
4100149656773
2858259714760
4594467316587
5535143092910
3096291867124
5741627108958
1709729804452
5692403513672
3208988834067
4234220032729
2191215826377
5997599347240
4498540531536
4914169638773
3501899812623
1330144672320
2173245480747
1658113425462
4193922622878
3739220763949
5714584883580
4153240699468
4518670255168
3701343621638
2362053362484
3060031050379
1500614530707
4982276987090
4693387954272
3553404322367
3695078535199
2055477933460
4168705519656
546647198920
3108002318704
4155422235124
3919816663652
4201990168935
3830856302010
5306302915728
5380271071045
5722693554843
4596218700507
2204354591159
4787268626777
3094687099750
1004598421826
2630426992644
4530928289695
5681040233410
4983251929165
1996568019419
2906306868432
4316739695786
3701039191946
6718156266017
3746415660934
2104951821945
2663151986096
4872927700977
2381128536926
3258408680867
2439244532471
3555907753229
2886180689308
4143808017345
2988670373943
4608174521009
550259615442
4693483901721
3716061915621
2174510222922
1214690253147
1716059785395
4432070713677
574430264050
2037480094256
3262821772033
5596029550698
5493250159557
3333680785601
4135023258837
3329040423262
1048729877653
4139068677958
1024281807757
3755451393649
6576658267621
720767871414
4593698887737
1458141284635
2433842842434
4125868629303
4257766954893
3408949015366
3323345543357
5075257243052
5368780306241
5898114440371
4356548064755
3402865432328
3354308135840
2523307049515
5303106156946
4979371907077
2026276862586
5430447953301
3623787832749
4955052466763
2933933834469
5922183866102
5452595399922
5059371310488
3725877420295
2797584499074
3787929182118
3877507736266
5383367460823
2580677613091
5302692060171
2840197590832
4948350564761
5730141020111
5609775312550
5304503440377
1383872742343
2604935942511
3078571800292
1239390044674
1193396369176
4468590184536
2575822820514
4093013543082
4051839213466
5058702451430
4297967756178
2669247011860
4965285233465
4481100279397
1645619360950
3460824817746
4872012533096
1517890724123
2591954671678
2347502453497
4003972316542
4377016875684
5297042183810
5790414389666
4676860744357
2778065982030
4408787609618
4939259577464
3119813300764
2633066694864
5750188676914
2546231760489
4677272904721
6091739127937
577838370718
4387340791910
2930413711070
709129783425
6717197105297
3677729718862
4826052475537
3820139186713
4730811073629
1847325219465
5162144728160
3879123967356
3167784529325
5238247884572
1095360796467
3175057819159
2210387593463
5114437481681
1954301815011
2646401769393
3964588784601
5598682200088
4281492803590
3917712801625
4880133242339
2718811778915
2794699932138
2856524339562
4045727991819
6287941717467
1094612496063
2451488006388
4129971482463
4361273191035
5230288428515
5854439724492
4198925011614
5088154135886
3709911805518
4250688049194
5062319285265
2809352963397
4615253316666
4330478879724
3425175003126
4452390758181
5328071562279
4884343413055
5525399460586
1388421015780
4664580228345
6552238183020
4682569278449
3306632383768
2982206589713
3389683871620
4849139953166
3348217427518
4662416657382
4456190205529
4218711604987
3332173974771
4572406028238
104088501351
5986480875467
4030040996275
3945690972053
5058275516213
4401158789968
4045401666442
3372401696365
4931337659214
3863234748727
3536652304265
6041734135522
5644529962245
3865462541506
3361764841776
5220824850076
4816873422198
4806961822353
6103805231482
3852777351195
2567706638829
6747984660347
3152030345380
3921349435598
6213966850103
1737051845999
3693093446254
4768650936207
3932664948422
2358704957195
1620324950597
2585354657159
5527446603461
3570033434673
6382565419122
4936018885825
4587859958765
2051997632410
5352912309900
5512844631415
5257495713434
5035522891224
3126287385829
4424939395218
5191497163880
2141244292838
3444083948085
4673583168192
692192785540
5062730775833
3988359438365
3922408770391
967459478819
3083159333240
3862916202578
4485108830170
4097359743981
4703503673728
925592554417
3889671707085
3749421924675
5708955226008
3284938491404
3277234579634
5007120786356
3548827198304
4384159000757
5353940797911
3981247118503
775671398463
4741614787932
1473952535943
3149695577592
368119188592
6106655867117
3096703060291
2581810637905
1557797201917
5720104949510
3867825131596
5305578192867
3067908487861
5479985766428
2640193856592
102871646150
312237659558
5683951974750
4751366043866
2855818849564
5996980826662
65685998412
469041761129
4136531269674
5678919460815
2566270583060
4728652803237
3478605849347
2722703404450
3248986928344
3868389853764
3559438875666
2792071255301
4402127813028
3831000746455
4356354622571
5611911081253
4517966574741
5107705059887
4229470006583
2475106598961
2312941638241
3394151493694
4975867870436
5274277089605
6245711546058
52028359140
2278143257440
1879752605853
5219714838485
5024482144413
3362304947426
4210236827330
4406705229452
2641682427614
5930397681130
513257824863
4590113751852
3354416936659
4981906595565
5678337752520
3313378219472
5254531417079
4032065947210
4807949896777
4562790769037
3888995115176
4433405482725
4868669793470
5278407407141
5435216103076
2409855587690
3996624710263
5330825723150
3991790765077
4540144891911
2883227945915
4896854438948
5606961479072
1374014421473
4198560405090
3543215535336
5546008196449
3780157818925
1586784566333
4218842440969
4098648615839
3766710696321
2763351561791
3669536259206
3112169895739
5391481760097
4163083867468
6099932073283
4552604052442
5107948577549
3408573900806
4115540127599
5472453498110
2787655172068
3485721844943
1999346215762
5738425916696
6044545439437
2860925992364
4359515279740
3205952157495
5569231716290
3734835840230
3511628820358
373421135570
1705427513690
6320721535100
4605506285953
1932068141552
4327385390960
5602514896060
4699639336446
4005466401901
5656959742952
5287692772960
3949572792439
2783527413767
5498153090562
3081351729494
6091192316026
5031911353725
3939657506914
1834812529597
1956116914926
5226805266490
2988273063058
5285950089372
3445570108986
4297292554130
846645027750
5724527025479
3606495198625
5343484372839
6658526006585
4945989548330
1385946760630
1016261053380
4385817345860
4757566391431
5256136442885
5626951905911
4983650290076
2536774213216
4322097795031
4225532461755
4686851744479
4483384916130
5575573058279
1107929589282
5532582172346
2505864929744
4640418127113
5211504356978
3639265425742
5376675145809
6008431973749
5184678816061
3698579121026
4739933536521
4735221154736
5241000299271
3409657987787
3756313974843
5895747144409
5253634031404
5165664952089
3991058528215
4359900531607
2600007037480
4107953097597
3351460880514
3586427295155
2884520197080
5014265484161
5326067511174
2281197003073
5859423174832
5100077710754
4521364974825
3230977396583
4635802449982
5494561158581
5680694763540
5035085144671
1355079831470
3731034596835
3783032463108
6184555896981
3678367573204
1474074304086
4293137696006
3966280225031
4841550930111
3147464743530
3110131775285
3250349967814
2924309346188
4676419199360
1313770085489
5019190918226
3507486062002
5467448192791
5702237891950
4292772618355
3619663078620
2006647351311
2195999897057
349713450419
3627546848200
4201306949336
3440540454251
5212530451838
4237860558512
1781489105053
3154610713848
3461430407662
4549953749037
4895111079804
3401351378229
5820350514040
1549234491950
4739347719925
2802454845065
1367942625001
5448106797938
2831757915448
4268994932544
3815808329758
1637774765879
4052632024671
6249797823672
3531960835210
2278535377808
2955358212656
5651322482072
4253354866074
4089261916326
4621607950548
4702776178984
4559780644911
3816217669038
1882452250423
4256267064558
4619744938445
4849062190050
3396482585474
3453516711553
5115479556791
4288858450038
4596600068314
1446482963000
4337723854258
2476280311181
1766301949166
5558568341068
3364030786884
4547976873815
5613193415527
1462263495249
1003416564839
4629690222891
4654369115759
3383199868895
3207207619622
4096793643266
4185205230598
988861653129
1006585863370
4104740230451
5555906408863
4435146688808
2902402095446
6002388117766
4373205417690
5679874109246
4384719259680
5158062214385
4917472892145
3218331126604
2149150137102
3981601187770
4252282301247
5949826444976
3023626720030
5105654655818
3767340177987
4973615070938
912566524062
3155494214537
4948530947228
4815594126664
5080505382034
5189750788043
3338054795855
2568016217789
894565305739
1044719189122
6373733518880
5258128453449
297654340200
4376549046081
3865022667032
4269972702759
4818178656264
5887942487887
5644056941025
2760484929704
3700994439662
3475675501944
4769435837387
2268832749979
4882525930740
4856596281581
3895598325430
3418417673938
1982622891702
2315062243446
4157091440595
3767994898264
1546617479457
2737914504742
1450091340014
1846730765494
4428708345354
3036150328151
4316845069453
4622851799359
6380182578350
2709319523832
4758039791300
5574225941619
1147301866423
3960464663646
2613251972717
3965445338266
3378322785890
5275084636627
3338200171581
1259009056972
4571044173112
3444322601116
4307384097367
5242761294597
3818311235215
4773721385865
5241594247004
2487778115585
6795986806322
2282199887377
1947221369420
1869012320037
2551202777922
1439293582473
4347822681050
2408752042897
2444060517809
2452510534220
2591791038947
3043808127791
6645271953355
2359046531699
4599609076462
1906527664000
6260531611498
5205235886378
4385167805091
4424010877617
2977097719256
4949243826237
4988599233994
3502315918170
719769455915
3517837349500
3300283390136
5405901070727
3903316527357
2845332652457
2793751156409
3156931076020
3756313974843
5231534034215
2541578891067
3315099948678
2484761224356
4880971479023
4075211571877
4105370538307
2103617380341
4125235922961
4770821710199
2739914865271
5388798758181
919811295820
3849831362236
4323884872610
5134690794908
4590124567239
4898672158902
2781754286629
5609483291413
4359515279740
5467448192791
3257898031115
4968165707669
5937159183896
901839910080
2501848573746
4919480761572
4163467138326
4842082507660
3386342289536
3401552481726
5525875060466
4425606852102
4860395906861
821709956584
3811808230989
5227030685016
5352414227817
3032944213184
4877317063030
3553404322367
118524146536
3152250531193
4014942796241
1067261234196
4634823169261
3306236308374
3488653860530
2549115090837
3049198116401
4780807149475
3401064820781
2941648274561
584032045330
1336326652548
4986930477146
2939217841939
3372426511874
3983386500871
2652769248364
3319050194041
4712149942977
4423684039562
3121973476684
6075843230491
923557896842
3747858658041
5290126984285
3688548524929
3290311643074
3944664624250
2873178808529
3353963710585
3848866720982
3772516549570
4247543407716
1449121087630
2530912132991
4556207110670
3888339990409
4870127114832
4945758509643
4043818820450
1760199168850
1129797276288
4145879741919
491757282634
1097830971495
3666629627082
5001251673932
3625409249950
2085738849005
3317680421747
4740306681253
5371508410827
3548801606510
6049741919537
2898492919266
3223634684956
2206055463569
4935108782768
2799833491274
5435797811371
2383470850024
1786118677390
3406826596468
6023288916035
5570306226388
5096061325040
4902576556962
3328247460215
2852669941298
3228201086177
2383297484123
5326202831202
1404056430190
6167192535442
3961834073548
998766229063
4362427352074
4464731300614
5387833326516
5574712188370
1673053869823
3803860121545
1086379551442
4833994022618
2203852972539
4711377219037
4925420394443
5013403220486
3157083751414
5766070892290
3953100313454
3029643751287
3585508816140
4115987189337
4446185745933
3429368403761
5030507281871
2566667224504
4108280684597
6159843687047
5303354906784
3111290473366
4982736942381
4097710350827
4184760604732
5463556519933
3669854488175
3081650421743
387091588338
4055269090570
5673085876330
4107930710591
2226278293011
5716456805785
4270459492522
3352346480856
2905704969164
5683129767145
5087910228131
2487760094060
5491204755987
4447252270216
4545903793785
5625185058883
4913447918607
796151265550
5558542332647
4567050746418
5183726612330
2477451328153
3895202074753
4579109503194
1867704804167
6125802884467
3917947976085
4749079661594
4897905998215
3350839205309
3729145185506
5431593587723
3841440311629
2888819087820
2530270565999
4567079685714
1932991552946
3932292811200
3843954877422
2704966358588
2614980281320
