2991938661351
520541465446
2052551688616
3596120003078
1839550411914
2412784691945
4187297170553
2319706550420
2210235987763
2274178567729
2692420305833
2213286495426
2652502219969
1764864461511
1880261261902
1906456304583
2816269935750
451936408622
1855623341489
1043714940475
1743753543456
1507610192536
789932339641
2573006418088
2398872113553
3671734764131
323352386848
1626392033080
2039093853030
3031246337706
1696617391806
1926762257217
1110648466180
1465504910882
3419632053224
1635717813950
1533485807727
1194433773451
2632646657578
954613336167
1845650476809
2145609830816
1250694806824
2718590569147
3401036630189
1892132053231
2438619755261
1803430896008
1589961148051
2030923676106
1954372883739
2069128326757
1797675006302
2081224748064
2508386448279
2217539356203
1421060776300
2363593526295
1868933147945
1652744608416
2891492682011
1612420216476
31091571840
2171962308085
1771633600154
2362207953685
2089344132702
1567489679676
2569681084940
3250601532718
1857353107250
1946729087698
2397413282365
1131642023247
1634232125625
3750553739467
2668369661656
856912886363
138965118380
3586903272485
3401954097825
146760032607
2594396068730
2987200302260
2171082368046
1570503555824
2529267492865
3713132308415
2193789575909
3283542996375
1183005510103
1379559330638
3707465581844
3662659884266
1511499213060
1949862672449
3058387870744
3039450405300
2987831138986
1843595149606
1364307856080
1486251573330
2323489775583
2731383580694
1642360856144
1280307206669
1519526683927
2049344023751
2014168684939
1894754666404
3198081923547
2050070726271
1517613304586
2503711066031
3977135773651
2284458813904
1808936007947
769362167311
1807179313661
2675146448089
2078255425802
1598440105270
2335623719853
1818909066155
838383795140
2986824740221
2443984149343
2201473399856
2383670268602
2862024918940
1064575525081
3772621191509
2584357914922
351476711430
2647778424796
3141026396813
3409177082290
1170848117455
3177255228756
2807722644156
4158446915570
2393309641405
2375716846011
2159811345030
1839042545338
2359093833340
596207682151
1325050691741
1141834982567
1165943304126
2508386448279
516038119489
2457071932412
1842208923885
3154275160913
2659172043526
1488342993571
2171669035578
2470462856602
2265647790170
1929922241821
2280708085316
3390719198136
2829708881750
1828678420162
1118374671206
1712445250931
378305092810
2163567608145
1005317132790
1186721597592
1453591785150
1829606999050
1730805216511
2412928242286
2237528203629
1640132655250
898759527318
2342768869562
1827693072451
3137762573754
2367355268867
1918326120896
1463579308298
3105067236141
1736195750542
3051097196226
1571844067931
2097682309491
1923632554019
3699592560724
2047034010743
1548355414979
1549021893959
1995600855287
2854854947013
2400103289703
3355483540422
3588671489071
2334240015145
3288169384052
3304797384741
2278175728778
2787345646428
1983389478216
2966092240262
1714804110843
3663314120339
2452999049653
2053725032576
1914114838103
3349226022364
3206925410706
1922456786727
2809278478667
2366874570959
2088144961780
1828360418500
3358060223940
3551695909970
1533144576960
2021784276200
1998485348485
2475540375320
1395922113626
1559503745710
1106130696273
1986057605186
918581566160
1056104812203
1213983769521
2061381644670
629014495529
2817444369377
1863674108096
1957829829535
1993782854429
2135013291347
3778712587589
886448073236
726858195277
1764008722672
2853738599899
3549698282799
1557135734922
831842907850
3140527130842
1806444205783
3011429940537
3208168559866
1254460290312
880886217244
1561250650438
2207008693791
3485155257425
2729004612083
3087296832061
2746006771850
2761247368576
3394304402447
2250133100711
2662842517797
2239171045607
970330794642
1292895997634
1736023341302
1607619863231
1474343078178
1537482640550
2546889675949
3149899495135
2629655654494
2896089326238
301554201576
2048942417661
1492579783865
2067800191031
919361177515
2148230516311
1467219444265
2799241293779
4137604509095
3399392787855
1624103562982
1966911416986
3400761599693
664853211415
1119944103654
2301243590944
2928760399738
2051212694079
2147594037805
1444127553699
3154646655413
1491297191845
3105925153487
1787709455311
1377357860301
2033220287535
2052222141885
1967048159466
2630302682306
1573844984982
2392129084499
794950508036
1310045364608
2797767033438
2643207485699
2369525856887
3431205984208
1567458836685
2540305219519
4120763391155
1482627839410
2242472071486
1135458440852
2291711353110
2253943380710
1537093592546
867710121770
2391433924111
1244523976045
1028825934802
2014203233249
2856512328474
3276793033100
1733662406448
1153510919953
2211673688010
2695058382766
815982566901
2743953505445
876443749665
849704415376
2262287003779
1121986713459
1472073085665
1309245442551
3111831148798
2064540052329
2155845047687
745411253861
2139462150842
3614713310903
3972048033593
1902376203404
1854523742362
2321391511115
2046159231675
2242624100894
208747424610
1212982647025
1114197635979
1189510210774
315324043977
1713327140308
2547986594186
987308364153
3617891550033
2086520021159
2192998664288
2813488093042
1542759632613
934053209401
2991047028215
2379839139415
1352035034468
3559699144725
3324391939367
1612672527583
1955445121156
2310124422703
2089381160804
2221752683188
704755648308
1343211517740
1706401695624
1868652241505
1234600810163
3302686048138
3371131684034
682494408327
2243378183607
1804917614537
1465615771010
2522445471205
3141680151224
1984864467265
2366406683632
1645998599924
3849363798956
1020955530556
3244383533410
2324904507363
2038491380576
2370867731343
1982062021802
2327027274995
1815507854933
3312525257023
2178278150954
1361861712093
1649117022152
2881666372689
618418124439
2307157603884
2535265008625
1943522215207
2102846783656
2642989231058
4015201265905
2136964988542
1158053813137
3367389670881
1180687774646
4115775788777
1574560903736
2870905601320
2395675556540
3685089645250
2953745382448
1277984848610
963558151285
1046869495332
1050170841349
2319706550420
3711548585109
2584168670727
172561439607
1929917829298
1469624191850
1255291894839
3028218710306
219248499826
1812181836603
1565678917926
3768510276353
771563053131
850755677983
1001591143721
1993825059027
1253702719852
1689961786303
2277042963303
2228865390142
1527546123026
3034225391888
3411323829191
4155142120135
1285357671027
3714795699960
3273867274422
1485815804375
1750239004027
3077199237048
1570174951129
1858531682542
2255114428639
1841034347306
2653502037599
2261593916995
260010676310
1887277709069
1861125920238
2456397410945
708602065887
2402479051471
1674639280837
2012264250999
1997224296985
2490119511277
4089151101235
2805350044547
2063365451678
2738461995889
3186014201345
3025086520597
985360839491
1128426197741
2921499975865
2704208444892
1399504579230
1186734085464
3092568489540
1061086850687
1622894953003
1877570628669
3152576573060
1902698429546
2467485105349
1325917885328
1292341785472
1057821688126
494370109275
2161046579115
2849995059426
1876110888258
1137987926704
2448668723229
2375704771509
2923167250906
2034877824705
1758497536589
1473105589790
2541727949267
2471696063343
1203431822883
2294690352169
2754321610245
1712205840865
1523991071439
2177716770330
2434311952319
1784445750629
1562271180480
2003602906442
446802413955
2310726168489
4082735127763
2244944684613
2433738660041
697176863937
2143186199879
2478279590746
281530212040
2049111798445
1103709460889
2789540640831
3239166931052
2662066622514
1043857769985
2440174234247
2031721344128
2307606765069
3061957585205
1968301032526
1977202631700
3540645600143
2514313526457
3197932711026
61908097065
753131424577
3015942035599
3533111266584
2235425325439
1772971741451
3584535546987
4053061384301
2565847814026
1126295471281
3091501739471
2946639480920
1620125370314
752558724773
3006412410449
813416246008
2332563006981
2168322983658
1163664414739
1366468042811
1645256469554
1666228869200
1347162001557
3500279215233
2734329223143
2173201422907
574845612383
1782275187602
2266027335393
459974499451
3556079483086
2333765035976
2812900062377
425452807206
468851050846
1116059560561
1108311699354
1064314023557
3576205138056
2365628527498
2510470644741
1138000334710
1572144518416
3272327419249
1496300166915
1789039975843
1819326834759
2779934542617
3688062253643
1888718097178
2313664902360
1067532484525
2718851908149
1607439202513
4160528789907
2735111928621
1766335434658
2116271064832
1693362395647
1583430836620
3542019329289
1617232596571
3194478202045
1692949959792
1091542612294
2183318679044
2205592906469
3037098316341
1923632554019
2620293747812
1412998970581
1888622021354
2706267315505
1942946895178
907338020392
2009605687838
2524658613474
4105267977208
2275352878956
3645733596061
1557179124964
1863417079454
1258601280109
3641428659469
3118544075825
3054468952175
1591121206768
2701560667592
1139010837943
1842529588509
2365911434673
1757858063566
2402594133967
2047781771603
3044744485917
617761903465
2671894529486
1631693502526
3219308538695
1500650262020
3778653344274
1204450028704
3344434707330
1369674863336
3756214715943
1887604640744
1502111576442
2381624088791
2573758521039
1432809914667
915624523071
703807774285
3520112724085
2236644510155
2362055589760
2591235878567
1002689843686
1965297467285
2429878965937
1945099414492
3643037615296
1642438223112
1941678781945
1856133410068
3069202950734
1527699418515
2452419128571
3176429576744
2384917998551
1181297622700
1831962170104
2508293637776
4096502312547
2034754144590
3196838684290
3396074899622
3378887887192
2266849414667
1987639248428
2628856988873
2218733937582
2576931233721
1722123533100
2405666227039
1819480096614
2399647559949
1617177691711
2560248798763
1946965891121
1946343281143
3196765161917
848186290216
2332563006981
2449024091563
3606748550986
3518661926751
1105813919553
2752876421417
867780212124
829307553221
1382829187874
3431205984208
4102583899249
3209995637322
494370109275
1370276875923
1968149289186
3262345164726
1761061063665
3151692577677
2896878875373
2021453136621
2388658996681
926821377612
3483284098416
1989183961701
868341288228
1044619423801
1560531335553
1796681258693
2834794056355
2165157070357
1833027772172
2256303960670
1832704264343
1840147350716
3251813005711
500063207280
2821260676437
2240003522840
286806644496
1749793692994
3276544197963
2207750523974
1304992707750
1838486745418
2904913703587
766368783307
2561145155784
1773116595964
2672130043830
1875062085803
2133549016961
1749830494295
3352498105138
2552249164094
836415145688
2665894880654
2335928682451
2286715219421
1497747555308
730501483020
1749171097566
1275538739021
1896671322111
3113458378615
1842992347336
1728567673126
922381176709
1888486394041
1866713711682
1837424771769
3372680537404
3323829649672
1354677918135
1327026546978
2507662199953
1047184066580
1940528612479
0
2204047205575
1630248259701
2039705658917
1883644366713
2388760017783
81450564720
1976053636784
1540942662447
1804918651701
2205420188002
3296110339482
1788670882495
2269650595801
2536457442089
976252571784
1276908179276
1406854606999
1885633934522
1039380799111
2178989757109
2354586988886
1283305900414
966952706814
3082393530693
2866872973571
2001296182698
1409932630085
2731656472337
2006111434412
1402963614240
1401658071616
2263723721342
3448233551683
2654529653248
1066201883995
882381616055
2799410227446
2355241355875
3510366975695
2946980732169
3219759978850
4120347356868
2778437444087
2952197183254
2983261771480
211679379519
281423184750
1729623766511
1324082737188
2002130506016
1355321544544
3246907793104
2373725755761
2256472224092
3046730561250
635155245926
1405477935204
2454288707440
2292209139711
2017196440595
1367182616962
2356068026109
1829491246187
1170572904566
1372828104981
1973748567826
1400231160349
1729267152878
3638201033109
2470190806599
1537271589816
2661993109462
2025457364942
1111584364064
1310596153044
4050223865119
1310411123905
2226992668280
336185875603
2075071037814
175752346505
2634444897792
2618582783492
2362672743662
2692952874316
1985583185854
1564533554853
2575709195387
1611521483115
2293383196002
4007906043599
1920245783044
3159569807666
0
3570713538016
2365819324259
1060840107447
2934595948776
2226939172376
644612564715
2079722686733
2280725783988
2439656658027
1864508130154
1151891922379
917857929248
3649896594095
3304011667652
3365406332356
987786904900
1922984322102
2207675361898
2928760399738
2232498549393
2772988068553
2118423356142
2219078041312
1443975670688
1935508836657
2206190817704
3087427798409
3143112502582
1047026188727
1226237413765
2083226758832
1866391523460
3339335722080
2684941430015
3046144892801
1744390287391
2230638746710
2701920438846
1110261810005
799313537641
1413766954985
940509803605
1560531335553
2365712303306
3532017533213
2499265651630
2561848348180
2284997678541
2624672374498
1973474697606
2332563006981
2192836280883
149324591596
1497514181008
2057525288447
1140786510129
3041029796321
1200969357362
1735340105458
2524290340506
3513270994587
1463047235060
877991735297
1668292148380
1587102595944
1941720445300
1992434740011
2208271531805
2216640758602
2717787071344
1985430789094
1772306854820
2955204985185
2685303536540
1538060952015
2245056842370
1411262110952
2672599169820
2584525335599
4157257411544
1591225619677
2339362296624
2623433038336
1996015396730
2146951421009
1449802785369
3374301314146
1210325906737
2177163954748
3159934540971
1502292109130
2378533564806
2294381914853
3180879193432
2062184385801
1870158855329
1850964387783
1914931513963
2025104449413
2368691082992
3173158964830
3458105335775
2312666044747
2607056781902
2186330807998
2794537598811
2875344637636
1729068613851
1847343409690
1246532336088
3501131293463
1150910314089
2251239122563
3254796848639
1634664802819
1604599283281
1634664802819
1922976831098
2689984557449
837385906809
2240248633409
1566503788820
2556255199348
2101443898180
2189183270859
2255891526466
1500650262020
1038352879932
3503840029397
2114772271533
2438653959468
1688538322167
1512639568656
1549712423268
2071197326714
2256388560278
2393752827829
2440669045865
1383011198885
3344580972836
1018031907426
3373826434244
1040193787534
2644940470639
2377942285039
1669927065029
2218231405024
522076842934
2350185944167
3489723204435
1857353107250
1743476826726
1641921239244
1113570905552
1973749309109
1624795883714
2208818929499
1923526569499
2144563952574
1236574807382
1714254778132
946872212246
1846141947804
3701745943443
3261105978246
1571995042740
2259659048887
1852013922653
1596248176837
1073584034580
1728556210715
982840984476
1744512598496
3186872713206
2011208881474
3542299740821
2413061810208
1826300305104
1571387708830
2059878833978
973044102894
2235806483301
1741068050248
2171063655511
3187396558374
2468159868238
2349973069687
811739951748
3383350811570
3294471308285
2067188996988
1979013818966
289687057994
3038238586627
2052601104254
2579716399785
3239393346948
2046274824956
1739273539976
2417527871891
2496049124456
2432880251587
1704091865992
645570232806
2073429049352
2810498556504
2113937062480
2405240945849
1474343078178
1649347470930
1329354472458
1628780730021
2330452388204
1678504521349
2099181446802
3183185354670
2996574314723
3439373542320
1434787623324
2613727202150
2534138848931
1291115072871
3110580673720
2255651467794
1797627511988
3529969424049
2774673912143
2827651747549
3557387993225
1600449851429
2148403641248
1513450961320
1300551187106
2111403117297
1110988907095
1158114503630
1653537539926
2193793485899
2167197420205
1453301000469
2499385871171
1917068530493
820735328644
3217102898490
3824678648945
2852958055407
1392631688769
1596247004065
338815917262
1329139808508
1780462617392
2768641635463
2534138848931
2331206871675
3994146386637
1571995042740
3304011667652
2649158342446
2298108098387
1757223037705
767468016958
999578407913
1965504096690
671792369423
1662030039829
2359493154034
1731325114060
1494558394649
3310662231407
1989079282715
1438957590187
2404611754513
2313796120321
1986891113885
1237966096339
980007479633
2095080410007
2587517857116
2244944684613
1717931068562
1801522905677
2388097890639
1992824045741
2990971503108
1556665031974
1317894350498
2580876358102
3695062142268
1120637212884
3460367327550
2082848102921
735713688447
1857970141994
1716555194257
2134150546248
3828191926630
2345501447499
1891362850497
2042517167610
1734629072196
3624409293870
1972491436651
43306043235
2075999908157
1747764801340
3295879420334
1589338332379
2016411250768
1610336350411
2456147469092
2372986063890
3066676475245
2747977086648
2787963484286
3066950110369
698640170308
1521554942381
3117909340834
1440837436306
1166605232485
2391667812171
1261628943988
2152147361604
2939296224381
1900866065459
1999411747684
2046233348595
3341312478653
1681628767752
1026394649836
1468053290290
3529435877174
1266897004748
3339648001793
2032534851442
2044669302073
2449583629256
2132042938222
3511006039801
2333752353925
2923764138498
1000405856776
3678836010745
2775364193538
2804790202206
2915485934196
1590724855406
2300390051419
1576618332190
236379675991
1970126767119
1087620334861
2655258147598
1685144746677
521723606867
1748696413000
2031468849670
1910992834743
2244000430951
785384016956
3377417422061
1015291226670
3322219456285
2314297277610
2249186630521
1858581121306
3489044818469
1854975438029
2212741097401
2999249174429
3147990931403
2138633621774
1791259274054
2436854642388
1501264324957
1741608740193
2132209028852
352259544981
3288914082381
2297222535435
1689139562444
2305065061613
1168686942821
3215283114887
4001500430979
1893555626806
2356948944576
3110140013598
1582278024063
769743559958
2912650466784
558054153795
1180350585010
1023902803374
1914847650723
1644750790391
2090403184109
2288774278443
2375455332970
1453721587805
2649177486670
3231010570336
3491058316796
1255980180970
1752188062740
1889072877480
2098749185609
1920852698558
3077600849094
1980591748989
2936491243648
1804276961806
1586854437018
2492594021183
2797442242196
3691588236121
1881148984186
1839621729521
2010362121017
3574369955515
1436147456925
1289329062338
1900369571326
2883505912299
411636000552
2010387169114
600975950208
338738745697
1598494907377
2695248228071
1460880487196
2308604567311
2259531780452
2810325365309
266463294225
2053040912429
912545863018
987308364153
2146954283694
2220497360010
1713949246062
1624119642178
1408825603221
2047834968569
3240254771091
2811939843593
2611246488906
1579517864150
1200969357362
1563304388678
2421047818865
2422484532608
2103910803708
1660091970760
1861054259444
381706621587
3080935800692
3377417422061
1405476677247
1997479569609
1430657353873
525159943124
1851534805172
1807077176187
439359393373
3653915068617
2347054121753
2565773389017
3299890287031
2770311668244
2109633776209
1636164984835
1743229662391
2388580479891
1746669156504
2215576304365
1379416267654
2038024205424
3690560316958
3048868511163
2830837349251
1867449164307
3068128566193
1663040627624
2941514018618
3565142264459
1674255830921
1975329034065
1672683210446
1993421550449
2659365974052
1372145097070
2574872717245
3432399394986
2375477946383
3493371628655
4082778083617
2775166170414
2422113820637
3676678868348
2100200873286
3551358415845
1682422604023
829355581002
1867165627493
1766598325907
1876668220591
1659038211623
1379000591647
953495298949
1189939710713
2255774261512
1681233687245
3284573169628
3184051286940
3704590294907
2449650605872
1784589863827
1601786664394
3092818339987
1720530465859
3172309367222
2593534642301
2404151169954
2034754144590
2328821451415
1007012479903
3704039225705
1534351315608
1868546047913
2540531823399
680325274897
1795102847793
3497679135985
2104405947017
2930989172704
2896089326238
1333939013086
624479279543
4186347348262
2603645594876
3492535556761
1775193343319
2612717222400
3603439281351
1775579057589
2157357559684
1561218784321
1905479640519
1951136363334
701329217980
1103385371330
1681595336581
2161631690385
1663687853551
3692155142951
3078246736735
3439503959123
1604480571233
2538582799283
1816421930949
1650958541872
4134223535111
2463333733762
1350129541829
2366837312161
3110441923713
1499223424645
2806303251804
2590799991351
2168034891614
2632291165208
572022782247
2598063101252
1682025691811
1748931056383
3230775788578
2009348675478
3190505735854
1596009038101
1659425757318
1606762811361
2171656327055
2759057081081
2516909860815
1587744938429
1837157179517
2515433129624
2000013504044
1114157499481
2161049925164
2207498811260
3213574573996
2578120553000
1865152858110
878412959672
1758768435916
2854080494484
1330997178067
1907343718660
2085535764700
949753153631
2072717554178
3363774701401
1405164684180
3073459228435
3018447155487
825929686789
2101632826351
2239741762364
3387470513816
3155889692370
1849478597282
684722992285
1729997697097
1994034674735
740139960975
2988682345336
3061620744121
2679789517971
2592693211981
1776255968099
2803226618833
3291468222981
4074925417444
1989858707403
2377864760809
1911435562518
2326138861846
2387970993695
726858195277
3674577951779
2136727029199
569481420182
1320034295940
1630792411193
2390861954057
1416532932085
1602523178590
169830016846
336785744443
3343862810110
1439450614913
2711298825238
3648734495703
1918832584462
2001253858667
914958069210
1957966467623
2111901490663
2559078872168
1734900062560
906751505532
2259038347528
2411638251000
1538690425117
1680697744089
3666077518985
1826179600637
1272750385566
3528934214122
2077805570535
3211677608180
1431415578200
2236335876626
1369388896696
1852048701149
1747406629212
3612485857811
2757533844601
1602776033435
2080614882580
1699386764810
2284367974268
427607718230
3044947362290
1875864324526
1363783738352
2225649515124
1020500993162
3052922572289
2381391447415
2266087454421
2079418756712
2209738925279
1794280967258
2727506110767
3023732679677
2142545641237
1633537629792
2221654830767
2433738660041
1488569586870
2779306867957
511752670150
1174436800100
3390463472609
3638467173900
910045655760
1530924723741
2043490919147
1659413682816
3288169384052
2320116692590
1455105357243
3185705461626
1536203312688
1972163405449
778224609053
1521161656862
2210503463440
2184241380884
1802410362310
1618040743694
2478848110950
2205838996286
2209575067956
2204166377489
931145416909
1902380074999
3809644728356
1630159861654
918439102511
875823272466
571511593001
1738602148504
2653928122804
2021453136621
2541235746006
1725322891278
3387997492367
2346416933341
297717045384
1150798986030
558054153795
1913781769161
1561790555637
1444116493686
1668232673348
1273874233447
1987004412707
2673915862010
1578148947094
1189732624182
2244802480013
928565203057
2256940451813
2864577794601
1612303448516
2340306865890
2267412850647
1011922143091
2514285562192
2099156472402
2120872570770
2505972251194
1541214193400
2784016356604
2249825582813
1986362895765
1990256434594
1327943016307
1704730409841
1983491108639
4080476507267
2024334963092
1907343718660
802688465764
1946965891121
1851864689989
1218632121728
1222005368523
2076019529328
2473173883192
822049296315
1995958086525
1428351389376
2971073337920
2678625527492
2261774939589
4159133052553
825177652804
1391023673305
3019363190171
2718720985950
1169404336518
1446711542834
2844952934735
2314632814030
1295923384953
1728556210715
484809278185
1673722859453
1903100965419
3313153850824
416730693612
2097836784625
1433016926399
2229871019861
2134836681140
1950371702755
1242701811577
2286747889471
2567628942535
1119005675814
1871861880816
3426672875349
2189183270859
2329418891323
1233406209761
2346251523361
1818590964669
1465284669423
3088218910592
746461308485
2658230300816
1587912737878
1787814277081
2194121741481
389111559573
3007707616421
1426930892583
2259716270320
2062286266079
2052385560622
1597133074958
1682963302859
295002128204
2822740072281
994334096866
1676290120042
1203004945218
2839675173771
2007963699376
3636618483499
1631011740790
1809457921220
2661650286558
1941831554473
2449681821312
1258810697546
3306038726579
3626616207230
1725206007759
1916033945102
2652735282359
1195827816230
1851952799969
1858961323403
1800754469048
1593730217777
2002838939677
1136354446815
2325800959754
860297327256
2195691219783
2382516874531
1434049554864
977863242830
3676678868348
3211677608180
1154455969066
1003211490273
1524839479995
2384875578761
1551729174310
2444585676560
1723938260832
2034815948003
2396360199849
3587742567627
1586854437018
1298862669262
1569177900752
2816629265585
2210075801576
1258090239152
2243775132101
2452613464405
1560034068856
2724302232000
2111351790744
1996676394896
1451084092255
1968379683869
3197170493942
4077696328943
2692085495806
2388760017783
2789813658002
1481112370428
290835733516
3750553739467
2182879142920
1226901086136
2394951711945
2799351154829
808452050469
1265744582030
1023556070400
4130437168486
2602277766363
1248925074605
2050070726271
1917808755447
2008968943903
2684093595694
2711454665208
3338829061291
1669038757439
618418124439
2173276486816
2116774642967
1271604506099
1395574339944
1611287064455
1956069475424
711793280859
3446197140960
1748333812415
2171082368046
663495866450
1480934914420
2018571951657
1911894557229
1803471569740
2916661701488
1653255675995
1689091539240
1683905028258
1635961846612
1703978894527
2249186630521
1583315777828
2452566523025
2244802480013
2008667482205
3523792861287
1815823183647
2283474139381
979486673520
1919434521664
1265907122059
1946545518551
326030562990
1398560855730
2119589449034
722938605816
2334142787863
697415471633
3243229665369
1079511128848
1074408716984
1940095058639
2566032035999
1406854606999
1543825726578
836923526005
2354680775156
1712290289372
805345657611
2234656987021
1128244156360
2689433010637
1522241842582
1514108912120
1493676103824
3135492825947
4163980809731
966790514534
2085263588188
1696056522385
3530764660153
2433882184056
3020189863480
152538919260
1897909070583
3012634327756
1897079454626
1427880821657
2465699088200
2251249410548
698640170308
2239892709973
2812189953376
1997224296985
2809449252918
1056104812203
2644136798490
3615278505489
1737974615111
2808734850580
1181503804953
2034347461991
3058343456694
1589338332379
1112776763045
484706982493
1171962885429
1675521730296
1375017997291
2356013647769
1918326120896
2258317599416
2593534642301
1311630593370
1457686828725
2311092592960
1909294713692
1604430667801
3058934268875
2010153732710
2000263029116
1545267383258
2237688886885
952244340020
1214355737282
1919581943993
1860919565478
3131663657174
2748341893162
1719059733251
1612605053653
1804272590063
2648004436415
1384450310262
2388694184329
132313152730
1740943974063
675273051491
1317225159848
2710639046469
4014984539339
1563476022251
1839775648968
1406854194887
1139863993181
3492227319287
2786817854691
2312232510363
1690562569441
1566748482793
3178830432355
1196550505662
512139971624
682894892687
3656609344454
1657340809168
1813404773344
4018383766723
1819870914908
3179442996078
1419589710151
1295923384953
2235351118937
1642465554927
1085377630352
479071588875
2000786444338
3338829061291
2003475683612
2523547980140
1145738422559
1384915837653
2560204614272
2380345091722
1497393565779
2366220806408
834666832855
1507202504579
977732337304
1782275187602
1144127068656
2424880865187
2248773002049
4131966053254
3060470163676
1249302446313
1397381779458
1327559159532
3497474791149
2244860225229
868731129754
4159133052553
1146261720172
4117661370598
1333791009958
2440208505478
2036663866173
1737965816700
1801534251781
1134449954615
1798769337087
2336755297952
2827971247302
1956389604005
3398952128243
2502160105579
1546354929849
1050795782816
1216951104687
2442397885658
1756637089014
1896790206500
2818837021069
530030949620
2220186207314
1843595048762
2058021102839
1476976144022
285151891824
2430966406624
1532224444538
2314297277610
2419282662078
1554019035238
2496493747301
1771766885991
4193725470
2671695177874
1735682428652
2125747867347
4182199043343
2059641296817
2421252985867
1805150537374
3797255998442
2091762972298
1814975288423
1578473858561
2289857767189
2650016038474
870503050402
3469480775441
1976561132215
1203004945218
1659717128822
1727448757857
2647441292448
1566478853482
2584872090418
3178567027452
2349330403071
3458139154343
1130384861940
2742073064487
1821606749298
3253199612097
2296869780783
1723733569144
632246205085
1686125374454
1687791644393
2863012178018
1819529487896
2680470396793
1803439341370
3184051286940
1345024977146
2624683638966
2300186191523
1418476471126
1230955668535
1429067131372
2881574527412
3867651642794
2034744240086
3607423021887
1462871670813
2452785058069
1341595574485
3041029796321
995964845145
2678384174250
1141979246120
2140170594834
1646894300315
2690163583559
1654739691586
1809162191845
1380063696263
2391078136816
2556070543166
2357062080359
2474119004841
2434702926377
1956740327128
3409177082290
1756095633527
2291609009633
2841488359406
1652088424415
600294232268
3688174105777
1008457587976
2832596678031
1548115071128
3149277406189
2229385873650
1982583576922
1636057708419
1334648780800
3274654091550
1932471531309
1846388931846
2408653723147
1605407177589
1049759854408
1229881726014
2406732422712
53565034397
1763057620430
2113836990657
3553455238750
1389355067257
1724036064581
3611390667487
2198436072047
3066073598975
1867444864970
1845068376549
1652088424415
1498971221776
3268846328299
2234302074976
2186448857889
2280352801738
2297802749190
2571394774572
922586482741
2604053865982
3175509226102
4131816375183
814369278835
447067744668
1643074758231
2070631448409
1789236238347
1702840053988
1807047446005
3655286564884
3559699144725
979046156663
3723375567755
4071371911382
1811856467682
2276317339214
2568385878968
1962029180800
3666860495868
1676700968012
1809549291877
2128868695859
2191147886049
3320313619979
2328862706619
2753176153059
1338598017743
2132660456234
1453358755951
1740431289118
1617492688207
726831783340
3646889909709
2334344628776
1726407751285
1193536111541
2418952608121
2434701672587
2419964081645
2742696991002
2419551454972
2349428428079
1079300197745
1690247321115
852090646448
3626616207230
2707442190128
994733653922
2251253633776
1659590668941
2550199736455
2203923680618
1163622019657
2189218658322
1747450021195
2055012213297
2147615727267
1389704266856
1359799860050
1820845313837
827448146357
559183636662
3466814171909
2315677416397
1485909200764
949753153631
1644050389912
2833138337791
1370838979821
3077082073280
2196467048487
2210061739529
1357845801524
3791243720868
1480999614729
732600283232
1410758020845
276141768216
2350601685449
3604016497429
1996524273008
3980938702923
3191538364319
2981808092366
1289329062338
2547321541869
2809595761668
2165619063395
2662063850795
489985330796
3567812739668
351384440712
1752678977410
1248415745887
1300469454987
2636697566951
2229961130472
1782579294404
2044019286233
2343902793851
1563476022251
0
3078246736735
1949385281361
873106785403
2343345620
3095789714085
1833535943918
1862705411690
2283474139381
3553905875227
1976546469309
1657708282959
1747306944440
1842529588509
811696711675
3452438538939
2449496861450
680325274897
3092818339987
1090195700797
1823162128206
2981253908973
542210490036
2051938364197
1825440499139
2524875755955
325496543752
1187886146458
2145752573569
3502626460386
2128009061622
3336634660070
1636164984835
388550774261
1685427642939
2196704835642
1103508275280
2539610843511
2238549848950
2234637499881
2345651699649
476931643433
1869628870629
2080701973379
2121300459446
348814812356
1362737824484
3578406693728
2508375555653
2656392934424
2070213863071
2339101287098
3088914684814
880893509424
2376775330792
977976817436
1874362902395
1571843596995
1887658403740
2267252672501
1317405442372
2217024199699
2239665689560
2734097037652
1449598838104
800658292945
2299201180841
2236662980811
1671747658826
783398489779
3241259669469
1952395646494
1291275507224
2309502322828
2152327471506
2293904791025
1620527149142
3036702205066
2451527739837
1807538448515
1142358541521
1461790142481
3598856918787
2586477123889
1725561790906
426089397886
2237060343181
2391257549708
2294155665874
318863111872
3053287857833
2355957421919
1005850876339
3074379465415
1988694469021
2569336981210
2969425648350
2375623001039
1107137526596
2744137860712
739569834002
2751275073218
2209877836410
1224809425977
2944283250049
1057046757362
176663214797
1285520858152
112812523410
1734801809072
1595123681598
4109464126180
1728813403112
1518246797100
618768813865
2393416358342
2232134289655
2183481546890
3451027716412
2131364518918
2160679046876
3053004808984
1427744499332
2098725944298
2458577184796
3013106861372
922745638900
810001684945
2074544412335
2171390222992
1792834965176
3156816019825
2691344223492
1037349729950
3058196986138
1143901170459
2984038419916
2214066366843
3022872917873
1606098261387
795437795942
1234446942218
1986634557896
1791371460684
2616333061908
4132863224641
1993822666916
74671825647
2645423866964
3768268379529
1653445691505
2390283326453
0
3578381772819
1484362632676
1465207306742
300453883470
1941678781945
1042006217739
2302538755240
3201744126538
1241731376124
1603622800391
1275538739021
978013771478
621711618207
1223558138245
1884437496253
2094602863756
3638467173900
1629383107472
2692195975631
2101202530828
2041219069798
2476920716493
3057923062249
3106459701869
1957927446741
2190836815592
2237045542166
2721012245995
2772296773193
1404191939182
4149439023582
1601285010508
2344796613049
3678515619148
443580300057
1009636511406
3345111854230
3026075501699
1708619681116
1170340799594
4176986706547
1945099414492
2171390222992
3159934540971
2212510395224
2984038419916
2440174234247
1127737109556
1632368093660
1069650249856
3767042672145
1429268799231
1717263566120
1287803887375
1926411392497
2006487941556
1801878355511
32924116944
2933936552047
3210259765314
1894910752658
3174545022982
337293227142
2178127920971
1823305313090
2202593053106
3011105262061
1985718457606
1317405442372
1181297622700
1708842393235
1778037853119
3680446204132
1428547047115
2077804623314
2316389558957
2406732422712
2313659249835
1802248721768
1826564869282
2027790767851
1845467823300
2817900741799
2044738233377
3479945731054
1555647509290
2246237619209
1438080607403
3557898265194
477859782844
1121181877748
570787713613
1452743776738
732817011680
2004366329807
3562406308912
2199376124221
1547599426332
2459170054363
1836017373832
2217977209498
1674917275716
315871980061
2827823242871
2261999760779
1297916588311
1118027128996
2094240193646
2246237619209
1801534251781
1398992336359
1628667173021
2356067282969
3194354930225
2394951711945
3576689793140
3874826157999
1763896255465
1519672629362
3490451360299
2690239192745
1285577983370
3043332830833
3139347383098
2701342219204
1477105339169
3620569556115
1451749924584
2550189823229
1948786105698
3664785101034
2304953479087
1614171430255
989819466794
2579988917278
3986238391603
1487722980242
1130585734860
3474067620101
3190505735854
1978874816949
3576731665459
8632686393
2504370462760
861093113169
3595309666518
1727748094881
2773680288908
1471520260204
3342208786065
1778693069494
2156409406894
2154213132475
3182298714392
3018641517566
2339101287098
1967957481038
760045796983
1904538811617
2142748619369
2508386448279
1207187533595
2536139420885
1597904855480
1189776757551
1671866102938
4046292515271
3126712564889
2096450187083
2255709079535
3207217327310
575524323553
3004379668420
1619715114570
1549546599372
1609210349993
1836916987897
1508761708169
1620759761160
1620132000058
2383012880154
2239498340464
2367609303985
2552788960897
2027790767851
3531736943048
2093827956150
1168172197441
1163090739859
1453971461028
2084012528220
1984962187213
1515604626334
1612611391601
2445873119247
1105860124254
2332012434655
1839333383353
1876642308048
3486889605123
3504505254886
1709458783430
2666882090452
1710142671740
2697777104250
3144553855480
1997224296985
0
2421742118889
2240248633409
561419816984
1674262195211
2688213391945
2160260149827
2209575067956
4168955811836
2182271655383
1752152205086
948355194029
4117201239887
1685427642939
1472663215370
1384871733374
2306088476437
2815668710198
1050780734224
2385554681599
1074408716984
3786548834975
1117643775201
1483221158641
2828580665309
2188271157746
2519649900609
937221391546
1752635251969
1439664760130
1248628348489
1976575937926
1642348756565
1843027109856
1465956885757
2145413992242
1845650476809
1668993598460
1371790338603
2837073271079
1683964106744
15647145586
1090004493713
2336040853424
2469852378961
488586939384
3153292734375
1368464990301
1879370036801
2394139927861
2869509008619
1690562569441
1669038757439
1461114966490
2272741094287
1708639820242
2704124361738
1829698212495
638826444329
1411722554534
2362969232561
3496107097081
3824484341768
2214663765199
2521959501752
3011321659040
3282011022590
1149813402997
3489883532213
1890597716529
2386948415577
2087849986809
2132547656161
1260214626657
2186744207546
3641706107427
2096380754536
1613299354378
2445333337216
2454341309675
1631379588775
1508950073342
2348403743329
2295856640726
2726830204143
3103489044695
514112133560
3551358415845
1819070867933
1191583970183
2148845170131
3281370406535
2405077284582
2171789207386
2113290329229
3087296832061
2361461028534
2741602355856
4044818374187
2027995073087
540618417144
2721276555417
2019938518154
549503443558
2355156428686
1100200349293
922745638900
2151972265681
934282765032
3382311864483
1485755281317
2602815622004
3073514759555
2483459537106
2718092312883
2280015162288
1878466464108
2534581114546
3262345164726
1796440936793
2253381678725
1219720861699
2036496104893
1508589059349
847216046358
3490105103508
1952144973876
521509750084
1936351703404
3536937289991
3253911357486
2239698653817
2000592311688
1767068790607
561419816984
2308755205358
2327653363330
1881148984186
2065049415482
2234292988071
2370122515002
3376348900631
1624505146390
2306189328958
2806022098342
3539984766423
759340502900
137858091732
1714469078662
3285402298877
1285284336068
1892008372225
2135148734449
1659330890039
2231750639865
2032343802347
2681917567532
1761318565507
1866871230738
865260330854
1006106681651
3329312825919
2507624683526
845425766335
1514380810601
854320283484
2002217943241
1587869160154
1012360621219
2418223962352
3162281033401
1726109941718
2446650468867
112936146299
1046128330321
1239130755183
2323726866846
3315151123532
748675510692
1308864225474
32612583960
3008767056436
3455242576523
3082976519540
3290994425002
3696293431965
3456612449270
2705098677976
2137820162380
1731186724055
3111244021763
2397624255741
1833603310534
3476854291857
1011479445836
2419863841081
778462847565
2022037273863
2785144164441
2642989231058
2239741762364
1285577983370
2015733752375
745281321310
4112693855342
1609610971061
2224437552152
2019864368654
1374291504578
1214151632517
1179473632134
2470462856602
1144471916883
517404263203
1979100212997
3069023142245
1937547829272
1932303291655
1086700574555
1377446191278
2059056230816
1318592130783
1229718242606
2287664328546
1608440842424
1563982541365
2834333597073
1699469422452
1954172662255
1341000767930
1174812832241
2411866222832
2218837319430
417538653455
583609469475
2689520966009
2896878875373
2368258720334
1170582648368
1152829158849
2557442997604
1727922964238
0
2055224478354
2073203319930
592177451275
1238036342843
2052540646339
916592886854
873106785403
3164105411871
2135139727814
3682967108394
2425044004201
3620827326610
1280229129772
1612267062922
1676706154874
1690575452607
3295516854636
2985405540737
2447901721161
4144893084155
2025802471972
3058273476177
2001086903077
1542160576272
2106007575987
793827233140
1669344232767
2658476317788
2191787951203
1632947966741
2445732406388
2917341466715
2299678187273
469186944144
2431330864281
1155036293142
1794086813987
2289000277405
1876907000681
1822185915798
607865403256
2478905091195
1377979049433
1451749924584
1791067751066
1528780726918
3081229199932
2708762005502
1214920931868
1208495999506
1567181576079
2378987147802
996365359369
2789126244420
788066583672
3465043647682
2630213051321
2294987104600
1917939662103
2352592000263
1960123944920
1251378126840
1660413440605
1594088326942
2140767486072
2421983317650
1674992115852
3660616268745
1079669151981
2059116349844
2579939593101
2309464005659
2223100651646
676181256654
2353069495395
1830783530158
3211939270998
1810935763348
1094303199908
3271372041402
0
3208930361543
1662403883689
2240763635651
2903446430956
2899445242603
3411532860375
1457140838314
2700676732301
2262497280621
1686926420175
933474643662
1567686286961
724153502667
2095711326895
2191015341501
2958473396753
1807179313661
3464536735911
2046757359945
2450055172018
2135219702582
2357180371697
1925483022602
1319755762715
2000263029116
398496132255
1654785558747
3182327557715
3975024504705
1252295428552
4001500430979
892962617499
2419320361705
2306160156057
1049631441980
2011490042940
1104641956873
2587861960846
2081180481071
2520473817804
259846269558
2147838603782
1887571410400
2512797126455
2203344568420
2042186085806
3595309666518
1462145109833
2807131927112
3101888457677
932988042349
4024500774711
953754705960
2350356007065
3315044797279
3212719088193
1766396816995
2639421446331
1770017378885
1769505323889
1953045899237
1453677596833
1720683844171
3040223640277
707908836498
3654920300797
1605496412689
1671572497031
1198193816232
1810778379113
1515126433016
1873962344109
2609131356514
2238878093283
1022632813360
1165222038193
3530817693171
1419798198798
1890501882057
2712003257617
2420276069059
1415297108984
3521070082457
2677630731586
2165198295248
2120537048093
1060108175880
3820782495612
758993500693
727782286244
762075969802
1376468486058
2810411036605
2787617690671
2828808375930
865265301163
1118342207311
2988461512516
2630779810096
2018227446616
2955013132219
3566371061799
2081184637663
2315531898977
2062110548983
2954819604500
1892008372225
3060305648908
1986056987398
3280253427545
1810365073383
2039193279401
1992686421565
931313806613
1358076172596
2696612307870
1725404540047
1509188030000
948336602525
3452625904905
1604585829881
2080027865701
1939507048441
465596157789
2162905340767
3414718992818
579434199218
2961504227154
1646749776705
1671409756734
3168817835439
1374725933495
2774220065156
2033596675407
3694365763126
2799869146561
3617891550033
1356427606767
2521814329911
1684770544075
3127824290066
2565115637311
2320116692590
2074544412335
709617980422
1873527216029
805700532547
3468098887179
1344050599890
2728258939104
994012478331
3313109582412
2616778979362
3007085102855
2370074695669
3212830787757
2148790163673
2363405144331
1433179619293
1468956293006
1610450767124
1752854781227
2650820428250
1781096244169
2971073337920
814596835041
2020503518971
1628663996190
1744216979281
2934070867171
2844170257448
2284098522509
2535039805749
1108172799498
1681742998000
2088656395739
2578039672244
2139050758350
1732757873898
1270594634216
1200903161802
2200952046418
1397325803109
2576325537150
698640170308
1453721587805
2833794380728
1527916286744
1130481386554
644612564715
2492437888075
3013720577977
93501616768
1168977922045
2821481389756
1827807521242
2299888854959
1290325512856
2246777345642
3169701674922
2382144827183
2203766758576
1451084092255
2034347461991
1860521945290
1941078962928
1898042826442
2163654232472
852989697774
2211390558740
3390719198136
1908969228941
3777255862440
1132759767747
2591664401164
2043013192421
1586422078193
1838500107608
847704791112
1599752363467
3013759754872
2128182462658
907372934049
1894980770386
1789670036698
3052922572289
2290561895972
2133170563389
2618926934400
1960107199588
2732823723917
2174262566223
1453159070787
693059185302
672007260518
2691219862036
1735774192287
2018547178244
1998625506664
3198491409592
2287213788263
3674354058756
2685649850499
1229748506898
2331136481421
1460349302012
3103144161137
621331432449
727782286244
1948319118579
1296014881381
3977135773651
1488630872321
2781042646613
1670656105478
1461732436804
1402486590588
3667286917387
1610203521790
1947242079895
1843595048762
2247030571011
489306713721
1888718097178
3005272486555
2371094556469
2372868935374
2780852072820
3430460522304
1691438049172
1671313253452
1722380748028
1423355757663
1800934983628
1755096677902
3111258079867
2029375903798
1629126979748
1272729949932
1414039004988
2592367660354
3593154829526
2094240193646
1735423112421
2372684508419
1173758428050
1025771754892
965724613530
1593211234135
2518334195913
2669790153508
1782503169715
2044515088881
680866323663
2651612101086
234828889321
3200719357316
145921901457
2511406477046
1826733067083
3037025624046
1160605587307
3596011145777
2173459641473
2158833709466
1695706175677
910045655760
1681829278024
1992434740011
2362745343834
2233398117246
3173228242470
2228947665038
2494280509380
2589082368416
566625724179
2802318086516
1451600827864
2982548191186
1509857878450
2447641262811
2259957450195
3423050550183
902861552155
2142804688733
2246777345642
2066784504656
629311174784
2698551515533
2348216341473
2357808965498
1647764633697
3402212397481
2385120757079
3836855507019
116356700611
3655868116107
2863553032178
1877246140623
1927807060473
2544846376597
1367528852035
2177417892680
1987639248428
949442317883
1526272319838
656896373525
2280015162288
2530672311453
3569958884531
343159612415
1836916987897
1906290524746
2697615999837
2742656291892
2356189882500
1612868933889
1838324123131
1574770708792
1537587000893
2856840583190
1702997316837
2707156609752
1287310461967
1791763787370
2148180921853
1798769337087
742444794000
1995304386171
1865998276531
1552566621255
877030903332
2496236372290
882105604042
1928874617863
2498518604808
2045424541851
2610406678727
1688044106327
1767732981039
2932067337527
1475812120209
1221000626421
2190333400052
1857909573541
3474228840381
2369219889923
2057497109463
3471255282337
1159142001874
2359834864746
794087103866
2942912515792
2714910157405
2401638579557
1271579054477
664853211415
2297157164361
1756517703949
2579939593101
1142597822272
2814411144033
1043170442617
2353276716524
1563977611538
1565691974824
2047668834455
3126036173737
2586576203993
2284398619653
2221064155041
2006690361693
1516914828316
1817753600325
2717941325341
2470022646459
1327111759705
2573732430934
1571584270609
1596918161751
1948593486884
1821777917167
2249647313150
1536169395627
1784822224888
1828182584060
2171063655511
2061072152419
1355714251284
2942095207442
2231525046526
3423021064183
2252855861922
1674769255386
2369660466484
2170303650362
2493951905198
184633285517
1192465246521
3668730575185
2382430660280
1709633720831
1501421861093
3059510708274
2074862430230
3308474673217
2202725224618
2031318693622
2365339450311
3537478783453
3094087571292
1532636480499
1164585294258
1169837153568
1507932823832
1761301336032
2437674731890
659327607605
2349236542967
2296633153830
889661308796
860284014592
2249667766146
2434702926377
2122018685445
2219042178158
607003386705
3213758501284
1785069686855
2069640058881
1284813232071
2190553867321
963981211693
1103709460889
2065049415482
2020872448929
2817334389987
1797980054877
2910945418873
2585760990700
2059866083827
2813634147332
2200450053196
3050627839943
2418028235859
1037852052056
1521040018293
1728813403112
1830771889792
3032467116603
774101348776
1344848825114
1348846097636
3113312037011
2085471916568
1230081723831
2660833174736
965983942446
1794098504894
1628060016275
1271560965393
750892896740
1990611534559
1139010837943
2174169334577
2303108983279
1252163203154
858870647052
3639905632859
1964100961413
2401506017057
3098433051134
1602360301239
2636462772712
2142970656247
1428547047115
2595439749019
2726830204143
1881085210171
2631434790718
1966233742476
3818705605445
2360035462691
1638957247602
1123212050567
1795738731863
2258599130218
2435866790064
3831123348222
1151197999756
1269752645682
2710797598834
1553216353563
2756458115209
1349887031922
2619660559201
2156273923501
2342097975628
2391424391141
2253640304533
3021362149401
1559862297443
1865823776367
2952531241776
2396360199849
2532261896694
1454360570138
701024732678
1048502424096
3755115149923
1557884065733
2786611705438
3196257082146
2057252609780
1306834586095
1578832818743
873106785403
2077805570535
1992824045741
1647553285466
1230497990951
748951645598
2992011560494
926608497877
4166516937695
1114155969742
2741602355856
2172076477906
2364292903423
2670494626669
2073688692602
1834891946716
2783114329439
257980503491
2414865050842
2275684368810
1768294145526
1551476471641
1449103513493
2735111928621
2798946878274
1474680965052
1055892643543
2109593013058
1359940149692
1792442364824
3077176981261
1637765930812
1920977552431
4090920715327
3490451360299
1402042973728
3075988116239
2127316232541
2330779421422
1994730713642
2714770656127
1414174338895
2946639480920
1159679992215
3463111284801
4147655598206
2314430785695
1338153931666
2229587874941
1876761997212
825530076683
2566958306110
1624701182918
2442355140505
1360881574330
1928874617863
4103237451924
3142765574193
1455341978302
1188993005595
2453241444489
3581544500552
1762640425204
1671296879029
2256303960670
1421954186623
1962436409343
2667757500548
1558819160656
1448860792434
2315629094873
1648371831655
2163019307412
2365839655220
2001128143767
1598687425422
2838088504922
4081557975688
3587358756186
1775913531800
2530054100275
3162737717803
3392361612623
2910837902916
2327229390731
1592326481564
1541521750021
1808428736203
2745214587077
910039213907
3031064367007
1942208274375
1823864235148
2091230707885
2409259992117
3005560802889
2398233997907
2215434357883
3385377775399
2202258191802
3141898545277
1079012977630
823010710194
3160654540555
619862418762
1560800630624
2433738660041
3622127682338
1658262586298
3391562802940
645808166169
2080994048102
3679803400355
2140247183398
3351580167863
3648084777441
3077525237919
336586077555
995018425733
2070912265675
2096450187083
2472195467359
2195759170619
1649107398172
2749296115170
161165126531
2089667124512
948762605857
2576451446626
1367478915605
3496514158101
1152001027268
3574794373721
2064944900748
1808360152111
2369893537068
1553794943445
2653263538922
4139232056937
1817202390344
1705760542775
2286909657387
542919015867
1223398069592
966635196338
2391667812171
1879973011549
2495094842992
2129918391412
2196291818499
1468762561444
1217434389607
1040165550589
3448582491784
2652790566137
3196838684290
1512131828327
128317411851
3762121616500
1190055235561
2113536490276
3079847060721
2316346160043
3426569783407
3441330748077
2273071824194
1867666653475
2961103199988
1423210992950
455715095032
4064964799095
693423239038
2770493871300
3598856918787
2040243952497
2369525856887
2419589375566
1410782173934
1105512628595
2065684534550
1006654700582
2404182726244
2096459465287
3482225439852
2308185641122
3159199414666
1460552841843
4161571926694
2450587168989
2277423140086
1514456343413
2215840578136
1575908488685
1156501288555
2126147314098
879699478270
2830315943919
2743440596170
577041991629
1453493097469
2201172990385
2707774024777
1815016019767
2100136927101
2043443379836
2181657182036
2174489026480
595198941994
1320762854416
1738602148504
2147378494173
4178832620228
1084875176849
1883868851399
2471696063343
971522975323
1990788020194
2102441515241
1114164791661
1564315300212
946520484522
1863084035866
2842241068950
1841907793789
3327526448934
3046249985143
1713966323226
1990207975342
1946343281143
3163679170378
2026618360150
1001488543402
2326376687963
2353551994242
1630774627480
2227346390534
2126147314098
1025873708722
1425388944751
2123701404577
1653369377791
1411664559026
2049402377740
688757886825
2494623673346
464058518861
1333939013086
3784768967116
2438314491252
1321122318844
2181553024153
2775129657788
1868485393217
2177357376005
1117867978315
2000265551178
1283489362147
2098895321460
3205834345975
3500066839226
3899566883924
1773786688669
441368903769
3374699304891
2349861919947
3126048632379
1193090998747
2366320520703
561263569350
2707309777870
3304330254763
3359273323575
1218294358421
2062110548983
3639857610284
1897079454626
1669775451318
1856133410068
2593713568154
1440436055718
3068086840095
2615808857924
1669505417597
3344216011509
1510984683932
2198007705398
3518687347910
2336219348455
1196356847361
1617973948464
820735328644
1990592757152
2434649925207
2217883357144
1708981048764
2674440731822
3845049283806
2645873825143
2562495251712
2939993916643
3704341745091
2220390784404
1492990029455
2008579078239
3449493807835
3319369809177
3024330572745
1621963678027
2666006454969
4004234284275
2085882744678
1488612683946
1258536583823
2430335876465
2116271064832
1861909979177
3245688312760
2686822392083
3468760059821
1863466331097
1637493926152
200060034234
1549155672570
992055226573
2061260341682
2068551748106
1210437751376
2268908520357
657618733109
2000004391611
2316346160043
112936146299
1631810957837
886670186165
2428692186597
1729664101858
1092372057964
1552094405113
647119945815
1907688446282
3498296013778
1130858687965
1239744850613
2971512742801
2620182858434
1941394718812
1857530102402
2930421358450
1886647368414
2548785601703
3337305824811
1787182330071
3173228242470
1649743099107
3097396910738
3146843876712
2749677641475
2250798601238
931735613687
2887220955415
916302711240
1115985966509
3454702795072
2718127763568
1399885551730
1489352006395
3095845864135
2457408080544
2790256408968
1672184697435
1126336237188
2000013504044
3145393212781
3341762726394
2274291155670
2419931217496
1703138936906
2540789452731
449137561036
1110214896118
3099692141313
2436555133853
3708196722323
3528934214122
2429739837687
2343004670688
1169504512245
2324362356597
2148847214324
2169410115428
2359056100959
2721764720905
0
2188765969364
3138350149362
3841595906626
2115217565937
856693875283
1096766605525
2191588932554
2081224748064
897258045457
3526476513213
2068390043109
3158857940009
3431043549075
2022698646831
2184040001407
210828001768
1652818820901
2350087712377
1704241808085
1660562890840
1368641038726
1718259837456
2394389739417
3503547710642
2809767704977
3411176161900
2024108784536
373433842848
2377724200959
1846720653814
2156102766087
3521070082457
186009520493
2848768258535
2784009064424
1513987621784
1598811378658
2475511713933
2136487615872
2187189883877
2523231913621
2420271390339
1622784574990
1302411133642
2414865050842
3215143698764
1168961671199
2837073271079
2691659711795
2969076233921
2546264358492
1034214958225
2157621330082
1592422458565
1694428284866
3382422669270
900750857935
1170665599252
2166301309732
1301774931370
2927416689141
1258045530327
3658911923645
1177472302694
2571619462324
2023536203607
1523047014612
1355193297722
1321004784616
3270939221974
3709900857032
3305780652013
2646606697708
1915886587844
1171753257325
2379590931041
1996314919689
2366615387974
2163567608145
1436841952758
1953117405967
2276224860262
3010780696271
2885801613667
733572878983
2727003259459
1273628229136
1636057708419
2951015255125
1838209134539
1412127022740
2013648736717
2295817819708
2321527000202
1669145416402
2008272703139
1740097143326
3077955243818
2561586467253
3065664967697
3546363629169
1535911200580
1846020324048
522646764480
1599464996409
279915484075
1029278458529
2160192454557
2280708085316
1758879035452
3458139154343
1553432490884
1240957351992
1340357539725
2833832833624
1633379021874
1858130094069
2089882896247
1509611144424
1958370254561
2848794188244
3394818405256
3568846267721
860301502876
2671335962229
3659643496007
2360223434385
1244710214494
2068057840250
3144780969288
1696621067232
1011219200995
959790220773
2529664814793
1438672756174
2533895212507
3622102277944
118599340924
1568817677569
3116749221457
1764864461511
2275596282179
3296736676427
655924296955
3649671275519
2976597840451
2271643737278
2210708356830
4152355448379
3202494787337
1403304095295
2161306297927
1876858912462
1854975438029
2077549689997
2749258076069
2670817650545
2608359978109
1991460956972
2372190230245
1648002825946
2971522528199
2013303366144
1623558611543
1844827952558
2333025202971
2449891957169
3521539451369
2302097770028
1043028095912
1574173486892
2785144164441
2543652292441
1713320853522
1037691425953
2076237205341
1116240639314
3558781371946
177170811176
1636699365685
2171063655511
1091688307399
633921586094
2380186425897
1018307223630
1634668633354
2089898676206
2370335187819
2787235188761
1698451566291
1974852629014
917650211395
3709900857032
3297370965012
2351369492638
444516452169
870201805837
2444027386590
3051791692059
3585716735990
2230684987224
2532214052830
2201302353311
910941481969
1004603139076
2097932134409
3349625469115
622950675960
2232376484149
943516841244
3266518494960
2050070726271
1894577064231
2673915862010
2008760081421
1580852577430
2237362426672
1336095181290
1927338227373
1153977758509
3162871173990
1414316687035
2891492682011
1504988747863
2916956765211
2305775996306
1449930985765
2515290155581
1497047333462
2332529278371
2644949988059
1763916916267
2159511432110
338815917262
1982430269863
2061260341682
4091792863791
2995769040431
2642314396738
911877737890
1766594064699
1929625349354
2653028520899
953360604983
2728925189832
1915519978206
1752188062740
2984441491562
2613727202150
806819044837
2461841943906
2725946712857
1078778838601
330346175412
1102916788744
2748275557906
2200664722564
3565561922633
1381143776032
2221458192237
1728581330714
1328085446678
1411964556027
2262125532849
4015201265905
1230687388169
2126263549769
2286136735689
3184569863568
3221279055646
1995605657019
2155845047687
1762891185617
3059236514585
1218331012232
2818052079895
692672102173
1662998957060
1674727227142
1812759890061
3057797243681
2303351859113
2782740504796
1303517673508
2408653723147
1051691376643
1057966523685
2022965051392
844963577962
3232744659789
2494623673346
2333899473609
1920545453508
2327044232237
2637118099592
1985377506655
1546354929849
2117213011840
3462166140629
2242897567848
2170978916794
1385944590564
3224003772217
2027987901424
512446290346
2244860225229
2465968841628
2141379433102
730501483020
1891860593869
1543706899181
2741983871021
2020730607403
1823750491210
3016403307927
2583266607594
1054679893740
1302090100650
1570099335849
4127513123839
897355065139
2153320447451
2364662920348
746939440837
2269942222719
1248336175495
3180692244220
1963653624951
3396281172448
911307292932
2593031051340
2436102886018
1641699462347
2277510826113
2350185944167
2498393677256
2585321690707
2076675753434
3484437277993
1954481793571
2573758521039
4096977094854
1938575705549
1880593087934
3494660773529
2757965725686
2388699219797
2909761736084
2516591083870
1989116943721
2294736765429
1592348624004
2777523887005
3458363211357
2326294157528
2750051410558
1736625107371
2278789454904
3258278966637
3280570417908
1817540673454
2576497313358
1114972645602
2413321805918
3390204536874
1692669286417
3909397251679
1928537506812
3313412045961
705254699017
1490943566685
1548358677294
691465063706
1489919934751
3064228438812
2166764075170
2102335008291
1990778665483
3479945731054
1792604736515
1513668180205
1955248991404
2035180398713
1381006459505
2073074477608
2183232703161
1617339379419
2003516166404
187864393600
2297225752437
1047171185275
1764697595738
323352386848
1403339333097
2259475554897
2625977442643
982627465822
1045214607293
1735896042363
1621131801779
2399835346106
2462091103631
1813532595040
1056104812203
4123474324994
1262859618083
581240177425
2170685006697
2330672509154
741216900284
2836437790263
1821812964927
1493450158573
1623393779803
3337959525165
3538638401023
576026742840
1956396223398
1105932210891
1902005320316
1479722370035
1969047170207
3041413964596
1932730191901
1720576147262
1673818422536
997731279628
3235848590191
2124311703480
1331020697566
2229385873650
2564088485246
236334543307
1100377565827
1555894526979
914013325327
1764793958278
2418334052835
1963491313028
3042786438772
1435097191253
2020037675454
1446711542834
2670092914969
2427387849627
1917224690866
2091369266938
3228666017536
2604428110670
3654928329798
1039805509792
2162046598366
1352215456729
1331719327132
1551753346096
1089613392212
1490850444648
2748341893162
2638363687594
3113030890948
3007930108092
1778116137457
1153076709019
2012112780977
3683045588924
3013073674445
1561323040949
3188119311341
1452903906733
1283750998334
1095249886293
3200507049621
953241044542
1567858359825
2353670734361
2038673503896
3512492192463
1174416658076
2008968943903
1982583576922
3290445710050
1598811378658
2788301269528
1408667257120
1748451381995
860284014592
877030903332
2375961431093
2375469383240
1036408359456
1925156170725
1080534450676
2271380086489
3436409672997
2278787263748
1592143719699
3505086636065
1676528004858
1561851384917
1572423032260
1298561605109
2250849187845
2258083885118
921323984581
1910607222328
1773831928021
2427933570481
3032851733456
1439323266785
1983268658307
2420046458065
513977559305
2546264358492
636426134843
1693795027666
2055181376626
1190233721337
1575882364486
2139978424656
1500076119382
74949373684
1674821642223
1687156319070
2331439975349
2770832968950
3258278966637
2641573760598
1581799138311
1511871681926
1468411323202
1880510863698
2271263539357
1518540593118
2686118726673
2005673061936
3338704209383
2246697848844
2223311582374
464346425055
3647252475407
1886392476804
2333025202971
3481866255550
1528355110035
1423530605214
2278284973658
1532025875130
4096847875320
3402188678989
1412103544766
1296980142720
1361508492506
2139559778996
1886556198018
2740831485943
2133444555357
2102777792819
3296353704636
1716390190302
1748818753823
996109368755
554852848950
3153990266906
1129785860845
1077554019669
1510984683932
1784580135348
1447654860089
3069194735909
1522143453195
2467629628959
1487066276583
1887652940505
2221207931839
1902376203404
1557884065733
2600361324867
2331315201930
3738821736435
1456898644749
3723591938599
3340746697977
1020761837772
2238482094913
3289621511512
1082080958147
2323547564086
3072153974756
2672166415965
1609727317139
1676044427665
3221473256130
1209523854021
3029254740734
1043228434256
1905772787914
2257336999979
778233066996
1975124679017
2366730282920
2619492889787
1792462512507
2807306618416
1979452554871
2789813658002
1465407146736
1606437312780
1656843472310
1400735423553
2415262818804
1678544163803
3010400568822
1480598923632
1966473234577
2324543404461
3849350883798
2251933783391
1631818768498
1228406360263
2314249972741
884781410635
1999034948760
2419752782920
1549215745564
2984711537585
2803658705752
2212618471509
2022240648622
442316429124
3170439575615
1207603450275
1041767172915
878666117779
2521021760055
1309245442551
1356067818697
1162451336910
1967886774777
3631800936736
2756071318684
713642801197
1815487861051
1722174650922
1868635616867
1936193391833
1954235150467
2498282036420
2040717524896
2077765740996
1801535709410
1773116595964
1856905212171
1594397818250
1831094841080
3216076430186
479100953534
2591426103225
1706465267883
1307719170288
1106040049484
2726832129001
1621324240617
1999638246190
2118009130596
1763896255465
1721147495318
2083523089497
2933936552047
1219613013864
2827750582596
3003264985492
2187810005317
3015362566439
3281529120821
573349172177
1190462142234
2248691618358
1488342993571
1028306954806
2946660864189
1361408983428
1463909815236
1857909573541
1438101794576
856693875283
3571023172873
1410486378198
2272822335207
2029231328150
1676978123028
1540965284812
1666203426072
2358192254451
3414718992818
1995560513895
3446144661763
3219759978850
2425681737385
2271465143987
1320361184818
754192384228
3014242686171
1509803939510
1184285818511
2720109303837
2782236321625
2990594744131
1509539681256
2214234310726
1724918856089
1257843039012
1080434232025
2083776377342
2240192438766
1018827456314
1618216100892
1315483797133
1239511423377
989904483727
3176720211029
2056489417275
822811547601
2447468679043
3666115033964
2513548431198
2251239122563
4109815730121
2264681341964
1902698429546
4131434441059
1985841096389
3078859554537
1857811615833
4131816375183
1800934983628
2617700111267
3000730466139
2516294443313
2405075040496
2007613717988
2329785330008
3219903253907
1743294068097
996477224661
1770466229246
1663687853551
1448792887248
3745092974529
2577876017714
3481866255550
2699652931449
3264195679913
2263551000607
411636000552
392166596578
2392585456921
3060388927931
1327287975308
1605834097372
1264138732883
2067175643650
2085491441275
832368806566
1190013711792
2120822412286
2147904634297
2961103199988
1000624281178
272797828864
3076275050389
2785928019580
2909770848517
304661858767
1782539645487
1302929599682
2128281189664
1649544473063
2601975160789
479270116285
2095745745736
1205498685883
2263820660514
838448632881
3650445567241
1768407243397
1726418757798
2068618906955
3136646308791
2092167713031
1302458238507
1213634993972
2641775088546
2291800844615
2418568344291
667218612853
1284639707592
3723375567755
2157780122010
2360566627137
3768510276353
1773786688669
1535488878613
1478766878016
1894539959747
2516976773377
2872211879204
1876733541056
80636350054
1301649426184
367325928540
3518188897493
2096092467486
1499247547513
1747107600227
1143901170459
1169012525308
2329165895848
1384409735822
2090403184109
1946044750658
3314108313234
3694895382627
1987476412572
1608864367164
2623237711227
1702156573533
1175676853759
1624163848484
2114920112645
1934399695227
3562897549275
1082434692321
1181714594601
3778712587589
1165280894662
2011722097904
2583547848431
2402065692378
1502111576442
1354979135875
2635398697836
1820395500497
3219229969810
2184882226505
1763003131473
3612587012261
9073954240
2600856136485
2943889683561
2331284673023
1398986394336
1284298996348
2691659711795
2048147875540
2187598980419
999578407913
1767053964363
2225082946697
2295827830901
2188212642810
1573770706744
1231156284386
1125560504434
132313152730
3196745980291
1947869934105
2328070044795
2257891554055
2423706501846
1123253884502
2057325843978
2062366129045
1686753397501
3455802112710
2599386637947
2631233462770
1100709330709
3370698503506
320627751346
1915913541633
128734451173
2004961344470
2391176376448
2645423866964
1615594379812
2190271731225
2032752996035
829478964388
1194688611597
2466724301556
1085957633075
1965382106211
3599061764406
1844012327478
2817000501757
3805876332714
855241067298
1691444111573
2093638325088
2278284973658
3775782404025
1654121969789
1229048025408
2613727202150
1292599301856
2049401931364
3011457175681
2025145635472
3073836152631
2077549689997
2433371388892
2744648262439
2305112790897
2749540845709
2222350551779
2322591938365
3126048632379
3661975898757
2005051169235
2037320344155
791567130449
2933870357668
1649455474585
1094389494537
4136606765114
2657278891140
2649803850038
1720921856573
1994343032612
1473903739188
1309307302933
1963999734607
2305112790897
1631818768498
3724199086430
899060690459
1720281959903
1950716327189
1606074428704
1566748482793
1793521401892
2291943040712
1959531145496
1776147967052
1974104244067
2276626908546
1925652384919
2810252634883
293561651002
4147783939510
3233720926915
3136111396163
3582590564604
1063992405584
2075256078852
478660219428
3384034600786
2319299705258
1881148984186
2449938952040
2953521325434
3155580715238
2901304375194
2332888926564
1571584270609
1698878619995
1510984226091
2350908220310
2411885586829
3084363156185
2192998664288
3174538171527
3311830130513
2048147875540
2323971145062
2623594212640
1246114274409
2032534851442
1994618977097
1390096217249
1601369058605
1701013068952
3010320298240
672838271402
2279446540663
2591330873510
3662516279334
2198244017877
1520990347381
1342207127496
2338503958824
2848592685667
1969296399043
2821481389756
563092866438
2308043400056
2096806787716
2114135178355
1479137831991
1761267717107
1991083271155
1982410621000
2244000430951
2436960708817
868154301284
1248925074605
1797283002259
2373826745669
2641685457561
2083351495833
1507749977199
1927239147269
2718092312883
3130582188753
1886314156927
2411885586829
860982139304
1230718467766
2536017643431
3387821306871
2103969146777
2070798022384
2100125575976
1499404102308
2517985333935
1641107444568
1935592005677
3527754972003
2633076916714
2469392594619
2097903077193
1582860024236
1367051666340
2734077856531
1874464020752
2605998797863
1675106524762
1059085547545
4104169479427
1447135052157
2323639847521
317852715072
2205441678028
2363519464752
1642143907887
1212618462672
1656709955832
3714795699960
0
459021860609
2836942608082
1220324607170
1410782173934
2232158445639
3261346393704
1883099565388
1520051574070
187864393600
1163588362104
2753511121140
2033599678579
1929625349354
432759188667
2039617750390
2250444869126
1749650129515
4153804034364
3051135513171
2015953902835
1369795589221
3003182880179
1825524015557
3708873315391
748095379575
1621784811614
2570483838177
1684242937402
3575289185339
1771916172012
3390471802742
1425165618478
1400981495305
2725803561029
1822055641911
2222954531694
2211165300554
2000872053974
2625977442643
2251265309768
774551326813
933955330962
3206925410706
2604440104304
1934825050442
2381821467913
4140400054368
1917601576362
3629388641239
3220753315538
2452764704959
2480093171429
1934154021719
3221611086380
2007421575595
3701197527296
2483853594275
1934824437625
2627740956507
2143030775275
1178077505176
280713430416
1974244000031
1706281024995
2191250291090
3867705157673
2086600882323
1564030828762
1532809950351
1979988550732
3501625457133
1557290719572
1008457587976
2124320815913
2228171476383
1044365993094
2576299599123
1333172384039
2664371784562
2787044067873
1993631159604
2629407099580
1961233675517
1852602932474
1201539742633
3323784179315
3259885234047
1742771793716
1867444864970
2273210042527
1450128824720
1300824662483
1193090998747
1757225269379
2189435073185
3392829828697
1972453748017
1267812863829
1301612777887
3491966970504
2403368128936
1277888920336
1571438922295
2608768449543
2334240015145
2292403033232
1670834428926
2043768227310
2956528449349
4010900801477
1420228507726
1190215639395
2694243583142
4096502312547
1690151810785
2688169704376
1902901147484
3547840596058
4130220623953
2214290485167
2149286499116
1063992405584
1999681566061
1875467806141
2389218872216
1702267822989
1813723933686
2857505455577
90282604027
1660433339963
1867762612744
1947742745682
1139639007963
1558248755280
1877760551270
1819870914908
1918336935873
617761903465
932002846411
587156699261
2697305686296
2290083922943
2599699320406
2169410115428
1801416148969
2628521014672
1843333755205
1426028705071
2171333722595
2085234161035
1657260464076
2343277040563
2283660718056
2370532614948
1930851343858
2601006389550
339311080250
1986424124938
3141787042198
1249239231164
2409660572412
1262361576702
772621852668
1725783018796
3620827326610
1775732547441
3051553507968
3006704883708
1964717803075
1284639707592
0
964357760103
1670383531989
4109815730121
1157181655269
2339830457579
2562594193861
1407957823320
1341595574485
1805280351966
1244715977515
1087607571767
2030654933579
1202859580372
2026381852054
2401533667199
3019334205022
2178899117382
996652848131
2201773827205
1049422433485
1708125894296
3347347836564
2427638820997
2232725261223
1616190789092
2597965318486
1036408359456
2153161005252
1799431028744
2355444123217
2263798562427
975465779702
3554248602155
2939993916643
2429274986022
1373459031401
1702709173438
3697020599395
2241728315195
1876668220591
1565783030847
2108191601703
4129186703077
2616844389660
2069258124997
2316389558957
957764145166
1426253514609
2530702917859
1262130601439
645812616273
3524231323159
3836855507019
1761235229932
841041082932
2545430861711
3102711837039
1114072875664
3143112502582
2355583490185
2582318116080
2569711497203
2058820494419
2357381557237
3016850567916
2586285432580
1490675635553
1879630581494
2413646090691
1351498040369
2369080252729
1082894925763
1438691559565
2340307917897
2187810005317
1170393586793
1813639211574
1079427399634
2178358736805
1943217992265
211679379519
2144984092664
1310903001516
1619473860767
2569692904389
1823223240595
1748118278670
3171822244152
1308675345249
1115916828261
509825425382
1257251121599
1002869473023
1776575631156
2688394109117
1580531416349
2440161257982
1485042590433
1672446717450
3538519814496
3596789967648
2460659906820
2104986729098
2588477500878
1775565390219
3626616207230
1566365829700
1689817889411
1512811668968
1071281455389
1793780275179
971765488316
3504987894871
1521871403192
2451325555220
2081093338726
2253101785083
1977869606335
1517865737609
2283192004585
1583142989927
2185680996149
2065751876191
2515986359678
2164982068809
330172738073
4057301102267
1940644149314
783841924095
2207611144932
1212618462672
1150021065491
2841488359406
3442948484900
2004353842288
1112165138213
1997861040920
2153001321547
3128973537929
2195157556987
2814552722082
654759626576
2352995769332
1805159428772
1752208847085
3280140802934
1360881574330
2339362296624
2209890145865
990728233461
3687457267323
3673340551945
2539421894727
775085597040
1615520374749
2450465671698
3195551882047
2218107414158
1658556818007
3182007042820
3125024615254
3081229199932
785869909922
2213710054394
584101005712
2018632070685
2592391425455
1887466192547
1773784792227
3675070074016
1506922374771
1357365696710
2614799894634
1424537802851
3498359355333
975578066411
4118993186937
1792742397603
1492336987240
1627614028879
2272010000151
3005994372951
1384418571295
2182129505214
2546889675949
1863084035866
2170297906665
2608406136833
2259659048887
1386410403046
790213605075
766599755438
2709574904308
3242825522800
1510324838005
1917838776771
1432915329702
1500722215728
782567563628
2166451168308
1192436754746
1342135764900
612709158007
2090843607853
3408636701713
1116240639314
1334312656173
2241843820970
1796298235499
3304906732274
2422888487833
2197319807084
1618690787123
2659436877291
2414577411873
2486217516100
1404214371373
814510582729
1364491058841
2298832019847
2077283269393
1575347185286
2813004312891
882549157267
1146054211904
1623077690062
3461127395145
1675361689924
1509611144424
1920066567756
1630306880509
1574814208916
2308129548271
1818063166097
695695906982
1455487425111
1477105339169
3339077269665
2263800070568
402574868963
1096869828637
1083626356063
2623377168526
1645888150126
3505740559473
1627614028879
1178176099325
3534681847617
1276033670989
2667458817188
1601285010508
1047171185275
1639688618985
3222710103808
2112271807539
2518432269199
2883505912299
1761752535155
1980747658290
2515290155581
200060034234
1178077505176
2156711363628
1994034674735
2679221324794
1847093311379
586269498193
1851857503557
1715100175129
3063367776710
2178328175508
2310329222053
2277002986316
1986553211793
389896017271
1543825726578
3011105262061
1877884813982
3619248477198
1419399587312
3048447684966
2727838501312
2361235000859
2457962166112
1246007037928
2036961123618
2099598738017
167523925608
1989849879065
1542972483932
871813548654
1867048949627
3639672267372
427713347957
2103585036084
3337305824811
472800295324
1178378387285
2136186197592
1280806776897
2712003257617
3098433051134
1383537587358
2347095029077
2205995384806
3876407389486
1125576970703
1917601576362
632354223614
883360060371
2792363490541
3617891550033
808414142183
1647971632440
3290424429067
3182327557715
1787212067489
3197439089521
631026147885
795139352593
1632569614917
1870495183052
2149278788134
2385626504792
1181297622700
990814246038
437999467978
2277218642491
2645103907506
2598080162199
1926680445790
2351020824441
2844952934735
1795591286438
1549712423268
3093539723003
2759958526093
2780033004682
2373276749316
2598080162199
1777497255106
1276270860037
1993822666916
1574404729800
1163588362104
1773341696433
2171082368046
1978723643352
3106621526974
3100660164714
2691622335944
3565274596365
2154789922586
2065614939361
2307096680553
1522283838264
2259038347528
1671089003672
1391299338107
1600459166067
2099598738017
1902901147484
1736105382282
2233398117246
2503711066031
4139351617378
1900495290410
1407723374123
1057966523685
1812301963441
1646654157693
1884820419362
2089005716235
3474067620101
2315411021552
1879867189203
973164525699
1535311719072
1905792897882
2271074363548
2310225878285
2583393703175
2253177904921
1891841851337
1287765121020
3351458645968
2809595761668
1293246003094
3455802112710
1916603551921
2689451130745
1795262924616
3055860408680
3491846230137
1089517293350
3560683693763
1410582746334
1170340799594
2927374983515
2022037273863
2236907860488
1807515173440
2255774261512
3290994425002
1245640363494
836954574117
2197803729119
1906116591736
2760062251102
1941233323213
2339230381974
969588298135
1535156620195
3662516279334
1088521118596
2129660387292
2517467137061
84009706101
1356067818697
20531706732
1321004784616
2775364193538
1226901086136
1681628767752
2241728315195
2396908067433
1646419380901
1640042360815
2384787446222
3248360895258
4162725106271
868702933726
2932502441636
1570342808172
1420528046640
3562808910531
1343121886755
1542160576272
2095615653226
322971122127
2075977476907
577041991629
2743377567757
3050149497964
3155458712625
184852498128
4125249165901
1302315531256
1861893819926
1493389476206
3414741048347
3307003749097
3144708457561
2416930693894
3511649913157
2165484577683
645808166169
1523510614264
747719446175
793407623123
1781466299665
894037060455
1686984066276
2314506100465
2230436306555
2388172808164
701890424057
1460632587700
3252862857797
1228263364485
3696595674869
2157553933235
1725838402676
3114082384492
674741794193
3183362681329
3363407252746
2035627015237
1365123491737
2313581182638
1520753896431
3338673884141
1672446717450
1248335314220
3144780969288
811739951748
1716390190302
2934595948776
2929491137646
748848950525
2032625729587
2141930408404
1993689086483
3563945935725
2598213167744
1415921579812
1326981121239
2363975967903
1115394887677
1236894380848
2051082644464
2197797323741
2163948629308
1352857002772
2069623084092
3309799801564
1930111805131
905969145104
2849971892364
